-3.719240000000000046e-02,3.482999999999999985e-03,1.000000000000000000e+00
1.806730000000000141e-02,-1.203579999999999928e-02,1.000000000000000000e+00
1.977579999999999963e-02,2.263669999999999918e-02,1.000000000000000000e+00
3.519459999999999950e-02,1.678920000000000065e-02,1.000000000000000000e+00
-3.328509999999999802e-02,1.511990000000000035e-02,1.000000000000000000e+00
4.357040000000000218e-02,-3.987320000000000035e-04,1.000000000000000000e+00
4.245879999999999793e-02,6.412779999999999869e-03,1.000000000000000000e+00
4.887169999999999709e-02,1.437069999999999927e-03,1.000000000000000000e+00
9.030629999999999560e-03,2.182709999999999859e-02,1.000000000000000000e+00
8.897290000000000190e-04,-1.682679999999999940e-02,1.000000000000000000e+00
1.089030000000000033e-02,8.582269999999999482e-03,1.000000000000000000e+00
3.680110000000000325e-02,-1.446120000000000044e-02,1.000000000000000000e+00
2.218380000000000005e-02,3.090639999999999967e-03,1.000000000000000000e+00
-1.301869999999999937e-02,2.278039999999999926e-02,1.000000000000000000e+00
-1.080659999999999954e-02,9.294560000000000322e-03,1.000000000000000000e+00
1.596720000000000040e-03,-1.369030000000000073e-02,1.000000000000000000e+00
3.609199999999999908e-02,6.501620000000000272e-04,1.000000000000000000e+00
1.769199999999999939e-02,-1.239029999999999992e-02,1.000000000000000000e+00
1.183670000000000035e-02,-1.107109999999999908e-03,1.000000000000000000e+00
-2.722809999999999987e-03,1.896350000000000119e-02,1.000000000000000000e+00
-1.678440000000000140e-02,-6.953810000000000373e-03,1.000000000000000000e+00
2.016309999999999977e-02,-2.634560000000000200e-04,1.000000000000000000e+00
6.051670000000000313e-03,1.910219999999999974e-02,1.000000000000000000e+00
2.274320000000000161e-02,-1.938029999999999961e-02,1.000000000000000000e+00
1.444029999999999966e-02,1.450339999999999963e-02,1.000000000000000000e+00
-2.790499999999999925e-02,7.277559999999999758e-03,1.000000000000000000e+00
1.937240000000000142e-02,-5.318780000000000382e-03,1.000000000000000000e+00
-1.341760000000000001e-03,-1.940479999999999983e-02,1.000000000000000000e+00
-5.775930000000000300e-03,-3.667479999999999872e-03,1.000000000000000000e+00
-2.555270000000000111e-02,1.455769999999999981e-02,1.000000000000000000e+00
-2.956819999999999934e-02,-9.425499999999999851e-03,1.000000000000000000e+00
1.530940000000000079e-02,1.364259999999999952e-02,1.000000000000000000e+00
1.592069999999999944e-02,-1.235220000000000068e-02,1.000000000000000000e+00
4.279979999999999896e-02,-3.550600000000000110e-03,1.000000000000000000e+00
1.533920000000000075e-02,-4.980039999999999814e-03,1.000000000000000000e+00
3.772869999999999696e-02,1.251960000000000052e-02,1.000000000000000000e+00
-5.091749999999999922e-03,-2.104160000000000058e-02,1.000000000000000000e+00
5.009699999999999744e-03,-4.146440000000000368e-03,1.000000000000000000e+00
3.994709999999999928e-02,1.217500000000000006e-02,1.000000000000000000e+00
2.891900000000000026e-02,1.529529999999999952e-02,1.000000000000000000e+00
-4.246570000000000206e-02,-1.018250000000000058e-02,1.000000000000000000e+00
-2.827740000000000115e-02,7.112939999999999888e-03,1.000000000000000000e+00
3.177429999999999838e-02,1.773819999999999911e-02,1.000000000000000000e+00
1.762609999999999871e-02,-2.232519999999999991e-03,1.000000000000000000e+00
-2.041679999999999884e-02,1.949680000000000163e-02,1.000000000000000000e+00
4.111080000000000290e-02,-1.261169999999999999e-02,1.000000000000000000e+00
3.879219999999999891e-02,-1.269299999999999942e-02,1.000000000000000000e+00
8.252709999999999907e-03,1.920550000000000035e-02,1.000000000000000000e+00
-2.732820000000000041e-02,-2.339540000000000196e-03,1.000000000000000000e+00
-2.533229999999999857e-02,1.362060000000000007e-02,1.000000000000000000e+00
2.180450000000000096e-02,-7.814569999999999850e-03,1.000000000000000000e+00
-4.704409999999999842e-02,-6.985850000000000046e-03,1.000000000000000000e+00
1.292100000000000019e-02,2.227449999999999916e-02,1.000000000000000000e+00
2.318869999999999959e-02,6.902270000000000280e-03,1.000000000000000000e+00
2.804740000000000011e-02,-1.032059999999999922e-02,1.000000000000000000e+00
3.577879999999999949e-02,-5.352420000000000094e-03,1.000000000000000000e+00
-1.320370000000000051e-02,8.835759999999999795e-03,1.000000000000000000e+00
-1.358460000000000049e-02,-2.297640000000000099e-02,1.000000000000000000e+00
8.446250000000000632e-03,-9.586849999999999192e-03,1.000000000000000000e+00
3.641400000000000192e-02,5.295049999999999930e-03,1.000000000000000000e+00
-2.013190000000000118e-02,-5.334020000000000081e-03,1.000000000000000000e+00
5.179510000000000017e-03,-2.018500000000000155e-02,1.000000000000000000e+00
1.077960000000000029e-02,1.235190000000000073e-02,1.000000000000000000e+00
1.913000000000000117e-02,5.438479999999999877e-03,1.000000000000000000e+00
-3.766710000000000197e-02,1.031119999999999953e-02,1.000000000000000000e+00
4.241740000000000094e-02,6.956000000000000377e-03,1.000000000000000000e+00
-1.239729999999999999e-02,1.389899999999999903e-03,1.000000000000000000e+00
-6.343190000000000286e-03,9.856550000000000381e-03,1.000000000000000000e+00
1.488079999999999958e-02,-3.234369999999999867e-03,1.000000000000000000e+00
-1.252469999999999972e-02,2.611370000000000011e-03,1.000000000000000000e+00
3.083589999999999942e-02,1.078939999999999934e-02,1.000000000000000000e+00
-6.061930000000000096e-03,-1.696040000000000048e-02,1.000000000000000000e+00
-2.499439999999999995e-02,-4.975979999999999639e-03,1.000000000000000000e+00
3.803809999999999830e-02,-3.918289999999999620e-03,1.000000000000000000e+00
6.784059999999999960e-04,2.487759999999999885e-03,1.000000000000000000e+00
-3.571350000000000219e-02,4.500739999999999602e-03,1.000000000000000000e+00
4.795460000000000000e-02,-5.012589999999999928e-03,1.000000000000000000e+00
-4.517399999999999888e-02,2.047380000000000120e-03,1.000000000000000000e+00
-2.751260000000000164e-02,2.039969999999999978e-02,1.000000000000000000e+00
2.801889999999999936e-02,1.425779999999999973e-03,1.000000000000000000e+00
2.235229999999999856e-02,1.494460000000000059e-02,1.000000000000000000e+00
-2.980620000000000144e-02,-1.622969999999999968e-02,1.000000000000000000e+00
2.567509999999999931e-02,-1.916309999999999888e-02,1.000000000000000000e+00
9.773729999999999571e-03,9.531720000000000470e-03,1.000000000000000000e+00
1.473919999999999918e-02,3.949099999999999659e-03,1.000000000000000000e+00
-7.792630000000000043e-03,2.111210000000000170e-02,1.000000000000000000e+00
2.937060000000000018e-02,1.126199999999999944e-02,1.000000000000000000e+00
1.558859999999999933e-02,2.246119999999999887e-03,1.000000000000000000e+00
4.000030000000000252e-02,9.844089999999999785e-03,1.000000000000000000e+00
-7.196929999999999820e-03,-1.424979999999999997e-02,1.000000000000000000e+00
4.022409999999999874e-02,1.126160000000000008e-02,1.000000000000000000e+00
1.810399999999999857e-02,1.880249999999999977e-02,1.000000000000000000e+00
-2.841899999999999982e-02,5.054870000000000370e-03,1.000000000000000000e+00
-4.458220000000000238e-02,9.342220000000000038e-03,1.000000000000000000e+00
3.006320000000000173e-02,-3.817670000000000004e-03,1.000000000000000000e+00
-8.222379999999999620e-03,1.074589999999999920e-02,1.000000000000000000e+00
3.838910000000000239e-02,6.421940000000000114e-03,1.000000000000000000e+00
-2.826740000000000155e-02,-8.956149999999999528e-03,1.000000000000000000e+00
-3.213049999999999934e-02,4.915359999999999695e-03,1.000000000000000000e+00
-1.446300000000000016e-02,-2.559069999999999878e-05,1.000000000000000000e+00
-2.679149999999999934e-02,-1.934800000000000061e-02,1.000000000000000000e+00
-6.216750000000000054e-03,1.768389999999999893e-02,1.000000000000000000e+00
-2.120690000000000075e-02,-5.231640000000000075e-04,1.000000000000000000e+00
3.386270000000000252e-02,-1.155259999999999967e-02,1.000000000000000000e+00
1.564679999999999890e-02,5.915700000000000298e-04,1.000000000000000000e+00
-3.186780000000000168e-02,2.418569999999999986e-04,1.000000000000000000e+00
-8.186979999999999952e-03,-1.236750000000000002e-02,1.000000000000000000e+00
2.264319999999999874e-02,-1.044190000000000049e-02,1.000000000000000000e+00
6.286690000000000160e-03,1.591400000000000106e-02,1.000000000000000000e+00
-2.114699999999999913e-02,1.556710000000000038e-02,1.000000000000000000e+00
2.853549999999999837e-02,6.246540000000000079e-03,1.000000000000000000e+00
1.796649999999999983e-02,-3.041439999999999855e-03,1.000000000000000000e+00
-1.870209999999999928e-02,-2.022799999999999945e-02,1.000000000000000000e+00
-2.270439999999999958e-02,-1.320370000000000051e-02,1.000000000000000000e+00
-4.105820000000000303e-02,-1.060550000000000034e-02,1.000000000000000000e+00
-5.344899999999999651e-03,8.299149999999999930e-03,1.000000000000000000e+00
-2.054879999999999901e-02,-3.937699999999999707e-03,1.000000000000000000e+00
-1.158649999999999958e-02,8.528010000000000798e-03,1.000000000000000000e+00
3.978929999999999967e-02,-1.085299999999999980e-02,1.000000000000000000e+00
3.980990000000000223e-03,3.345980000000000135e-03,1.000000000000000000e+00
2.734270000000000103e-02,1.764299999999999896e-03,1.000000000000000000e+00
4.391339999999999827e-02,6.983170000000000349e-03,1.000000000000000000e+00
6.644370000000000137e-03,-1.697159999999999988e-02,1.000000000000000000e+00
-1.952069999999999847e-02,-4.686010000000000002e-03,1.000000000000000000e+00
3.722210000000000102e-02,-1.241459999999999959e-02,1.000000000000000000e+00
3.640589999999999798e-02,-1.415379999999999937e-02,1.000000000000000000e+00
-1.643659999999999913e-02,-1.396099999999999945e-02,1.000000000000000000e+00
-2.335049999999999973e-02,-1.971439999999999998e-02,1.000000000000000000e+00
3.676539999999999669e-02,-1.286509999999999986e-04,1.000000000000000000e+00
-2.593029999999999988e-02,8.547320000000000612e-03,1.000000000000000000e+00
1.825749999999999942e-02,-1.545460000000000019e-03,1.000000000000000000e+00
-1.630590000000000164e-02,-2.016959999999999933e-02,1.000000000000000000e+00
1.067420000000000001e-02,1.738769999999999899e-02,1.000000000000000000e+00
-1.878290000000000168e-02,-1.027559999999999932e-02,1.000000000000000000e+00
6.270409999999999699e-03,-2.094120000000000009e-02,1.000000000000000000e+00
2.336109999999999923e-02,1.399199999999999923e-02,1.000000000000000000e+00
-9.226309999999999720e-03,1.087699999999999952e-02,1.000000000000000000e+00
-1.861799999999999913e-02,1.990619999999999890e-02,1.000000000000000000e+00
9.345920000000000399e-04,-1.850260000000000099e-02,1.000000000000000000e+00
-3.511659999999999782e-02,-1.055520000000000069e-02,1.000000000000000000e+00
-2.604490000000000104e-03,1.101979999999999973e-02,1.000000000000000000e+00
1.796520000000000018e-03,-1.269829999999999917e-02,1.000000000000000000e+00
-2.220060000000000089e-02,1.279089999999999915e-02,1.000000000000000000e+00
2.695180000000000145e-02,2.959429999999999873e-03,1.000000000000000000e+00
-2.355690000000000128e-03,-2.050340000000000149e-02,1.000000000000000000e+00
-6.082950000000000162e-03,2.498519999999999908e-02,1.000000000000000000e+00
1.022660000000000062e-02,1.843389999999999959e-02,1.000000000000000000e+00
-2.135100000000000019e-03,-1.999549999999999939e-02,1.000000000000000000e+00
-4.294610000000000094e-02,-5.276819999999999775e-03,1.000000000000000000e+00
2.861939999999999970e-02,1.263949999999999969e-02,1.000000000000000000e+00
-7.260280000000000032e-03,6.522019999999999901e-03,1.000000000000000000e+00
3.293100000000000194e-02,-8.166720000000000576e-03,1.000000000000000000e+00
-1.999779999999999960e-02,-1.859639999999999904e-02,1.000000000000000000e+00
-3.299339999999999912e-02,1.363089999999999961e-02,1.000000000000000000e+00
1.320980000000000071e-02,-7.729139999999999795e-03,1.000000000000000000e+00
-1.878159999999999899e-02,-1.060559999999999975e-02,1.000000000000000000e+00
3.054170000000000149e-02,8.171400000000000538e-03,1.000000000000000000e+00
3.735699999999999785e-03,1.463060000000000055e-02,1.000000000000000000e+00
4.458050000000000207e-02,2.837870000000000149e-03,1.000000000000000000e+00
-3.787719999999999976e-02,1.802669999999999869e-04,1.000000000000000000e+00
1.644189999999999888e-02,1.751420000000000060e-02,1.000000000000000000e+00
-2.353939999999999852e-02,-1.089449999999999967e-02,1.000000000000000000e+00
1.191240000000000007e-02,3.292910000000000021e-03,1.000000000000000000e+00
-3.783949999999999900e-03,2.174279999999999963e-02,1.000000000000000000e+00
1.167649999999999938e-02,-1.852749999999999883e-02,1.000000000000000000e+00
2.208359999999999837e-02,-4.292780000000000380e-03,1.000000000000000000e+00
-3.869609999999999890e-03,-1.011890000000000012e-02,1.000000000000000000e+00
3.774990000000000290e-02,-1.081439999999999919e-03,1.000000000000000000e+00
2.562220000000000122e-02,-1.883369999999999836e-02,1.000000000000000000e+00
-2.764840000000000006e-02,1.288270000000000040e-02,1.000000000000000000e+00
4.703510000000000330e-02,2.449010000000000162e-03,1.000000000000000000e+00
3.952470000000000289e-02,-5.584610000000000051e-04,1.000000000000000000e+00
-9.298519999999999355e-03,-1.366780000000000078e-02,1.000000000000000000e+00
7.446140000000000397e-03,-8.832009999999999514e-03,1.000000000000000000e+00
9.044480000000000575e-03,2.261710000000000109e-02,1.000000000000000000e+00
-4.140259999999999774e-02,7.553039999999999581e-03,1.000000000000000000e+00
1.674449999999999897e-02,1.246389999999999998e-02,1.000000000000000000e+00
1.856060000000000001e-02,-6.464459999999999998e-03,1.000000000000000000e+00
-4.958810000000000301e-02,2.644930000000000198e-03,1.000000000000000000e+00
4.168449999999999933e-02,1.273250000000000076e-02,1.000000000000000000e+00
1.363639999999999991e-02,9.025109999999999383e-03,1.000000000000000000e+00
3.228799999999999986e-05,-1.897010000000000016e-02,1.000000000000000000e+00
-5.857659999999999777e-03,7.009409999999999773e-03,1.000000000000000000e+00
3.550119999999999665e-02,-1.158889999999999920e-02,1.000000000000000000e+00
3.691680000000000135e-03,-1.734259999999999968e-02,1.000000000000000000e+00
-2.972549999999999845e-02,-7.366540000000000414e-03,1.000000000000000000e+00
4.343349999999999989e-02,4.519389999999999866e-03,1.000000000000000000e+00
3.370639999999999834e-03,-3.430630000000000051e-03,1.000000000000000000e+00
-2.330099999999999880e-03,-1.260099999999999935e-02,1.000000000000000000e+00
3.685770000000000018e-02,-1.357960000000000070e-02,1.000000000000000000e+00
-1.592659999999999909e-02,-2.125060000000000143e-02,1.000000000000000000e+00
-1.053839999999999985e-02,1.957940000000000028e-03,1.000000000000000000e+00
1.707590000000000149e-02,-1.779630000000000101e-02,1.000000000000000000e+00
-1.100010000000000050e-02,2.505759999999999932e-02,1.000000000000000000e+00
3.246879999999999905e-02,-5.762360000000000442e-04,1.000000000000000000e+00
-5.380290000000000246e-03,1.106359999999999982e-02,1.000000000000000000e+00
-4.102700000000000097e-02,-3.282370000000000166e-03,1.000000000000000000e+00
3.722239999999999924e-03,1.414900000000000012e-02,1.000000000000000000e+00
1.524660000000000078e-02,9.538710000000000591e-03,1.000000000000000000e+00
2.520500000000000171e-02,-4.632790000000000345e-03,1.000000000000000000e+00
-1.215100000000000034e-02,2.020469999999999905e-02,1.000000000000000000e+00
8.516660000000000549e-03,-1.084590000000000033e-02,1.000000000000000000e+00
-2.251710000000000170e-02,2.241809999999999983e-02,1.000000000000000000e+00
3.539969999999999922e-02,5.461869999999999746e-03,1.000000000000000000e+00
1.247310000000000085e-02,2.272099999999999988e-03,1.000000000000000000e+00
-2.804459999999999939e-02,9.490449999999999234e-03,1.000000000000000000e+00
3.288920000000000038e-02,1.757190000000000141e-02,1.000000000000000000e+00
-3.584009999999999974e-02,-5.263069999999999901e-03,1.000000000000000000e+00
3.690129999999999799e-02,-1.016410000000000056e-02,1.000000000000000000e+00
2.744879999999999889e-02,1.994529999999999914e-02,1.000000000000000000e+00
2.177669999999999953e-02,-1.384329999999999936e-02,1.000000000000000000e+00
-3.003000000000000027e-03,2.264829999999999968e-02,1.000000000000000000e+00
-2.580009999999999942e-02,-1.331839999999999934e-02,1.000000000000000000e+00
-3.631129999999999775e-02,-1.516049999999999906e-03,1.000000000000000000e+00
-4.317529999999999979e-02,2.663459999999999873e-03,1.000000000000000000e+00
-4.409910000000000219e-02,-1.073310000000000063e-02,1.000000000000000000e+00
4.351929999999999688e-02,-9.676169999999999563e-03,1.000000000000000000e+00
-3.117239999999999941e-02,-1.492809999999999970e-02,1.000000000000000000e+00
-3.861230000000000218e-02,1.603550000000000114e-02,1.000000000000000000e+00
-6.356800000000000124e-03,-7.000540000000000408e-03,1.000000000000000000e+00
2.861179999999999973e-02,1.218319999999999993e-02,1.000000000000000000e+00
1.542390000000000037e-03,2.523500000000000049e-02,1.000000000000000000e+00
3.557119999999999727e-02,-7.795439999999999835e-03,1.000000000000000000e+00
-2.192579999999999876e-02,-1.238479999999999963e-02,1.000000000000000000e+00
2.608140000000000111e-02,7.541319999999999794e-03,1.000000000000000000e+00
9.786780000000000132e-03,-8.389819999999999223e-03,1.000000000000000000e+00
-5.561469999999999782e-03,2.313060000000000116e-02,1.000000000000000000e+00
2.048149999999999971e-02,1.542609999999999988e-02,1.000000000000000000e+00
4.501259999999999983e-02,2.116030000000000081e-03,1.000000000000000000e+00
2.111350000000000032e-02,1.797860000000000083e-02,1.000000000000000000e+00
1.222359999999999940e-02,-1.901849999999999960e-04,1.000000000000000000e+00
3.178779999999999800e-02,-1.349859999999999949e-02,1.000000000000000000e+00
1.455889999999999962e-02,-2.208900000000000099e-02,1.000000000000000000e+00
-7.863079999999999722e-03,2.221530000000000032e-02,1.000000000000000000e+00
-2.160170000000000146e-02,-9.260769999999999766e-03,1.000000000000000000e+00
2.135360000000000036e-02,1.121750000000000004e-02,1.000000000000000000e+00
1.479100000000000033e-02,-1.989439999999999958e-02,1.000000000000000000e+00
-4.221559999999999896e-02,1.428339999999999992e-02,1.000000000000000000e+00
4.881690000000000161e-03,-2.018079999999999874e-02,1.000000000000000000e+00
-1.848239999999999952e-02,2.259080000000000116e-02,1.000000000000000000e+00
3.931459999999999816e-02,-1.400610000000000049e-03,1.000000000000000000e+00
2.579559999999999839e-03,2.358210000000000167e-02,1.000000000000000000e+00
-2.754420000000000132e-02,-4.039860000000000152e-03,1.000000000000000000e+00
-1.032459999999999975e-02,1.883949999999999861e-02,1.000000000000000000e+00
-3.983439999999999898e-02,9.932160000000000641e-03,1.000000000000000000e+00
-4.252659999999999774e-02,5.472689999999999673e-03,1.000000000000000000e+00
3.040349999999999997e-02,-1.101989999999999914e-02,1.000000000000000000e+00
1.776080000000000020e-02,-1.250549999999999926e-02,1.000000000000000000e+00
-1.849119999999999930e-02,-6.899549999999999954e-03,1.000000000000000000e+00
-1.669450000000000101e-02,1.944950000000000151e-02,1.000000000000000000e+00
-2.637079999999999980e-02,1.610530000000000045e-04,1.000000000000000000e+00
4.840160000000000295e-02,8.245319999999999993e-04,1.000000000000000000e+00
-3.544110000000000316e-02,-1.040660000000000023e-02,1.000000000000000000e+00
4.495729999999999865e-02,3.280369999999999901e-03,1.000000000000000000e+00
-8.152130000000000487e-03,1.881170000000000064e-02,1.000000000000000000e+00
-4.262660000000000060e-02,1.093140000000000084e-02,1.000000000000000000e+00
-5.174920000000000388e-03,-2.093319999999999903e-02,1.000000000000000000e+00
3.446649999999999714e-02,1.835499999999999979e-02,1.000000000000000000e+00
2.992049999999999918e-02,-1.040920000000000040e-02,1.000000000000000000e+00
2.556660000000000096e-03,-1.633520000000000111e-02,1.000000000000000000e+00
4.746749999999999776e-04,2.458569999999999853e-02,1.000000000000000000e+00
-1.908709999999999921e-02,1.484880000000000054e-02,1.000000000000000000e+00
-1.484420000000000010e-02,-1.097389999999999997e-02,1.000000000000000000e+00
1.281039999999999957e-02,-2.511039999999999973e-03,1.000000000000000000e+00
3.634400000000000130e-02,-1.064479999999999940e-02,1.000000000000000000e+00
-2.527029999999999901e-02,-1.586740000000000025e-02,1.000000000000000000e+00
8.828710000000000030e-03,-9.748760000000000411e-03,1.000000000000000000e+00
-7.112300000000000219e-03,1.933349999999999999e-02,1.000000000000000000e+00
-2.753699999999999898e-02,4.166819999999999899e-03,1.000000000000000000e+00
-8.204309999999999381e-03,-5.813609999999999655e-04,1.000000000000000000e+00
-4.887819999999999665e-02,-1.668589999999999960e-03,1.000000000000000000e+00
1.398539999999999983e-03,1.956659999999999996e-02,1.000000000000000000e+00
3.129869999999999766e-04,7.883970000000000561e-03,1.000000000000000000e+00
-3.374300000000000216e-02,1.445429999999999979e-02,1.000000000000000000e+00
3.248680000000000317e-02,-9.289930000000000063e-03,1.000000000000000000e+00
3.027699999999999836e-02,-9.943250000000000699e-03,1.000000000000000000e+00
-2.769879999999999912e-02,-1.850250000000000158e-02,1.000000000000000000e+00
-3.349160000000000331e-02,-1.845040000000000048e-03,1.000000000000000000e+00
-3.838339999999999808e-02,-6.404030000000000009e-04,1.000000000000000000e+00
1.940100000000000158e-02,-1.016680000000000014e-02,1.000000000000000000e+00
4.564440000000000164e-02,8.430190000000000600e-03,1.000000000000000000e+00
2.990340000000000012e-02,4.402389999999999949e-03,1.000000000000000000e+00
4.728969999999999702e-02,8.111439999999999709e-05,1.000000000000000000e+00
-1.417539999999999946e-02,-6.896560000000000364e-03,1.000000000000000000e+00
4.177879999999999788e-02,-5.981740000000000147e-03,1.000000000000000000e+00
-1.604929999999999963e-04,1.904149999999999940e-02,1.000000000000000000e+00
1.099469999999999961e-02,5.786030000000000166e-03,1.000000000000000000e+00
-3.118090000000000011e-03,-9.738449999999999190e-03,1.000000000000000000e+00
-3.238669999999999743e-02,1.875380000000000102e-02,1.000000000000000000e+00
-2.936940000000000037e-02,1.816320000000000087e-02,1.000000000000000000e+00
-9.529259999999999901e-04,7.665169999999999796e-03,1.000000000000000000e+00
-1.589319999999999969e-02,1.336099999999999961e-02,1.000000000000000000e+00
-1.466749999999999998e-02,-1.424379999999999917e-02,1.000000000000000000e+00
3.765269999999999728e-02,1.144940000000000020e-02,1.000000000000000000e+00
2.656820000000000015e-02,-9.359880000000000110e-04,1.000000000000000000e+00
-1.116570000000000062e-02,2.198809999999999827e-03,1.000000000000000000e+00
-7.504639999999999922e-03,3.067359999999999878e-03,1.000000000000000000e+00
4.537889999999999979e-02,5.728030000000000274e-03,1.000000000000000000e+00
5.745530000000000428e-03,-4.063549999999999975e-03,1.000000000000000000e+00
-1.862259999999999957e-02,1.303939999999999960e-02,1.000000000000000000e+00
-4.010729999999999851e-02,1.190749999999999968e-02,1.000000000000000000e+00
3.212229999999999946e-02,1.703939999999999969e-02,1.000000000000000000e+00
-3.900819999999999982e-02,4.489049999999999638e-03,1.000000000000000000e+00
3.827939999999999815e-02,-9.824460000000000137e-03,1.000000000000000000e+00
2.498819999999999861e-02,2.149960000000000065e-02,1.000000000000000000e+00
-2.845980000000000124e-03,1.863209999999999866e-02,1.000000000000000000e+00
-2.004830000000000154e-02,-6.616389999999999771e-03,1.000000000000000000e+00
4.595609999999999973e-03,-2.035609999999999850e-02,1.000000000000000000e+00
-3.267319999999999947e-02,-1.725669999999999982e-02,1.000000000000000000e+00
2.637099999999999861e-02,1.459919999999999968e-02,1.000000000000000000e+00
-4.238750000000000157e-02,-9.584759999999999461e-03,1.000000000000000000e+00
4.063119999999999926e-02,-2.276970000000000122e-03,1.000000000000000000e+00
2.002130000000000023e-04,-5.444000000000000054e-03,1.000000000000000000e+00
2.912110000000000046e-02,-1.390899999999999949e-02,1.000000000000000000e+00
1.825950000000000012e-03,-1.377500000000000035e-03,1.000000000000000000e+00
-7.910759999999999320e-03,-2.131629999999999983e-02,1.000000000000000000e+00
1.931859999999999827e-02,4.797049999999999752e-03,1.000000000000000000e+00
-3.167419999999999958e-02,8.142560000000000076e-03,1.000000000000000000e+00
-3.916490000000000249e-02,-5.701959999999999841e-03,1.000000000000000000e+00
4.647729999999999917e-02,-5.480679999999999927e-03,1.000000000000000000e+00
4.718230000000000340e-03,2.457449999999999912e-02,1.000000000000000000e+00
-4.124730000000000063e-02,-3.246960000000000124e-03,1.000000000000000000e+00
-1.410050000000000019e-02,1.588869999999999866e-02,1.000000000000000000e+00
-2.833950000000000011e-02,-1.011519999999999965e-04,1.000000000000000000e+00
2.032219999999999860e-02,5.394989999999999682e-03,1.000000000000000000e+00
-4.074710000000000137e-02,6.193869999999999975e-04,1.000000000000000000e+00
2.491410000000000152e-02,6.181149999999999839e-03,1.000000000000000000e+00
-2.729269999999999960e-02,6.288539999999999582e-03,1.000000000000000000e+00
1.941019999999999898e-02,1.039110000000000034e-02,1.000000000000000000e+00
1.221719999999999924e-02,-1.116179999999999950e-02,1.000000000000000000e+00
-4.192699999999999899e-02,-4.276069999999999871e-03,1.000000000000000000e+00
1.422179999999999972e-02,-1.373079999999999960e-02,1.000000000000000000e+00
1.033230000000000086e-02,1.446839999999999932e-02,1.000000000000000000e+00
1.347319999999999941e-02,1.848500000000000143e-02,1.000000000000000000e+00
3.581480000000000080e-02,1.068350000000000029e-02,1.000000000000000000e+00
3.137519999999999892e-02,2.240869999999999841e-03,1.000000000000000000e+00
1.904159999999999880e-02,-8.791079999999999728e-03,1.000000000000000000e+00
-4.063370000000000176e-02,6.963269999999999703e-03,1.000000000000000000e+00
2.243240000000000164e-02,5.641640000000000283e-04,1.000000000000000000e+00
-2.332199999999999898e-02,-7.248000000000000102e-03,1.000000000000000000e+00
9.834940000000000349e-03,-1.526180000000000071e-02,1.000000000000000000e+00
-3.650330000000000133e-04,1.828509999999999858e-02,1.000000000000000000e+00
-2.068019999999999928e-02,1.802070000000000061e-02,1.000000000000000000e+00
-4.323790000000000272e-02,7.703439999999999767e-03,1.000000000000000000e+00
-3.597909999999999997e-02,8.801130000000000758e-03,1.000000000000000000e+00
1.442749999999999935e-02,-1.232029999999999931e-02,1.000000000000000000e+00
-4.006839999999999707e-02,1.179149999999999990e-02,1.000000000000000000e+00
-1.472299999999999998e-02,2.117229999999999893e-03,1.000000000000000000e+00
2.906890000000000081e-03,2.768849999999999784e-03,1.000000000000000000e+00
-2.538750000000000034e-02,5.677279999999999827e-03,1.000000000000000000e+00
-2.698460000000000095e-02,-6.720280000000000351e-03,1.000000000000000000e+00
-3.954939999999999845e-02,1.324649999999999916e-03,1.000000000000000000e+00
2.505440000000000098e-02,1.716279999999999889e-02,1.000000000000000000e+00
-3.401160000000000294e-02,1.687630000000000076e-03,1.000000000000000000e+00
-1.388179999999999970e-02,-7.811140000000000271e-03,1.000000000000000000e+00
-1.902550000000000074e-02,-1.523790000000000040e-02,1.000000000000000000e+00
-3.601590000000000347e-02,-2.723989999999999918e-03,1.000000000000000000e+00
-1.218190000000000071e-02,2.396300000000000166e-02,1.000000000000000000e+00
3.558509999999999972e-03,1.876130000000000159e-02,1.000000000000000000e+00
-4.402589999999999976e-02,-2.555219999999999974e-03,1.000000000000000000e+00
8.734560000000000587e-03,1.404799999999999972e-02,1.000000000000000000e+00
2.285759999999999875e-02,1.068329999999999931e-03,1.000000000000000000e+00
-1.739529999999999896e-02,2.895950000000000000e-03,1.000000000000000000e+00
-4.971710000000000018e-02,1.218029999999999937e-03,1.000000000000000000e+00
3.447889999999999983e-02,-6.130440000000000021e-03,1.000000000000000000e+00
-2.514809999999999962e-02,2.256170000000000050e-02,1.000000000000000000e+00
1.664610000000000048e-02,-2.775640000000000008e-04,1.000000000000000000e+00
1.244849999999999950e-02,-1.697600000000000151e-02,1.000000000000000000e+00
1.000610000000000041e-02,2.075909999999999908e-02,1.000000000000000000e+00
-2.991049999999999959e-02,-1.523140000000000084e-02,1.000000000000000000e+00
3.915629999999999805e-03,-1.080210000000000024e-02,1.000000000000000000e+00
3.244339999999999724e-02,-7.330950000000000140e-03,1.000000000000000000e+00
2.511390000000000150e-02,1.668710000000000156e-05,1.000000000000000000e+00
4.374789999999999929e-02,1.998000000000000047e-04,1.000000000000000000e+00
2.809900000000000158e-03,6.025060000000000485e-04,1.000000000000000000e+00
-2.462929999999999980e-02,1.330770000000000043e-02,1.000000000000000000e+00
-6.263440000000000327e-03,8.445329999999999591e-04,1.000000000000000000e+00
1.201540000000000073e-02,1.297470000000000004e-03,1.000000000000000000e+00
1.601189999999999905e-02,5.461109999999999923e-03,1.000000000000000000e+00
5.521830000000000141e-03,2.323930000000000093e-02,1.000000000000000000e+00
-2.990140000000000159e-02,-4.614929999999999727e-03,1.000000000000000000e+00
-1.572870000000000171e-02,9.418109999999999720e-04,1.000000000000000000e+00
-2.019289999999999974e-02,-5.643459999999999666e-04,1.000000000000000000e+00
-3.378969999999999804e-03,-1.983930000000000068e-02,1.000000000000000000e+00
-1.286269999999999948e-02,1.124290000000000012e-02,1.000000000000000000e+00
-2.870659999999999878e-02,5.156039999999999755e-03,1.000000000000000000e+00
-9.845819999999999919e-03,-1.465190000000000069e-02,1.000000000000000000e+00
-1.217580000000000051e-02,-1.162069999999999943e-02,1.000000000000000000e+00
-3.359870000000000217e-02,-2.148320000000000004e-03,1.000000000000000000e+00
-2.866259999999999815e-03,6.870620000000000026e-03,1.000000000000000000e+00
-1.165150000000000040e-02,3.437620000000000172e-03,1.000000000000000000e+00
-2.904139999999999847e-02,-7.506810000000000045e-03,1.000000000000000000e+00
-8.891480000000000217e-03,1.115840000000000061e-02,1.000000000000000000e+00
1.604850000000000027e-02,1.443789999999999917e-03,1.000000000000000000e+00
5.290959999999999934e-03,3.609289999999999807e-03,1.000000000000000000e+00
-2.995199999999999946e-02,-1.550819999999999976e-02,1.000000000000000000e+00
1.533610000000000008e-02,1.400919999999999943e-02,1.000000000000000000e+00
3.299139999999999712e-02,6.407160000000000286e-03,1.000000000000000000e+00
-4.076110000000000150e-02,-4.712779999999999747e-03,1.000000000000000000e+00
2.823200000000000015e-02,1.069319999999999993e-02,1.000000000000000000e+00
1.879880000000000093e-02,-2.055999999999999842e-02,1.000000000000000000e+00
-5.165549999999999656e-03,2.481939999999999841e-02,1.000000000000000000e+00
1.663399999999999948e-02,-9.588579999999999326e-03,1.000000000000000000e+00
-1.836969999999999922e-02,5.695350000000000065e-03,1.000000000000000000e+00
2.678999999999999958e-03,2.437960000000000127e-02,1.000000000000000000e+00
3.800989999999999924e-02,7.485669999999999824e-03,1.000000000000000000e+00
-2.231839999999999866e-02,-4.823609999999999877e-03,1.000000000000000000e+00
8.291750000000000509e-03,-1.734559999999999921e-02,1.000000000000000000e+00
-1.434730000000000033e-02,4.857170000000000064e-03,1.000000000000000000e+00
-2.165090000000000070e-02,-3.471970000000000004e-03,1.000000000000000000e+00
2.067300000000000040e-02,1.740190000000000140e-02,1.000000000000000000e+00
3.188379999999999687e-02,-6.241069999999999604e-03,1.000000000000000000e+00
-1.112939999999999936e-02,1.170500000000000013e-02,1.000000000000000000e+00
-3.930740000000000275e-03,5.965439999999999805e-03,1.000000000000000000e+00
-3.711110000000000103e-02,1.484139999999999895e-03,1.000000000000000000e+00
2.708270000000000122e-02,-5.192089999999999900e-03,1.000000000000000000e+00
-1.914099999999999829e-02,1.682410000000000155e-02,1.000000000000000000e+00
-2.620990000000000125e-02,1.142199999999999899e-03,1.000000000000000000e+00
5.628610000000000037e-03,1.866840000000000166e-02,1.000000000000000000e+00
-2.908739999999999937e-02,1.470420000000000060e-03,1.000000000000000000e+00
-2.760960000000000150e-02,-1.520200000000000023e-02,1.000000000000000000e+00
-1.920600000000000085e-02,1.854650000000000049e-02,1.000000000000000000e+00
2.150049999999999878e-02,1.423160000000000050e-02,1.000000000000000000e+00
-4.720699999999999896e-02,8.501309999999999770e-03,1.000000000000000000e+00
-3.859859999999999680e-02,1.485000000000000035e-02,1.000000000000000000e+00
-4.789109999999999895e-02,4.466799999999999937e-03,1.000000000000000000e+00
2.103970000000000146e-02,-2.144830000000000000e-02,1.000000000000000000e+00
5.709380000000000011e-03,1.769489999999999952e-02,1.000000000000000000e+00
4.429809999999999998e-02,1.087839999999999988e-02,1.000000000000000000e+00
-3.241990000000000149e-02,1.413350000000000023e-02,1.000000000000000000e+00
3.660510000000000153e-02,-1.535510000000000000e-02,1.000000000000000000e+00
8.125200000000000825e-03,5.643510000000000019e-03,1.000000000000000000e+00
-7.247159999999999887e-03,-2.250229999999999939e-02,1.000000000000000000e+00
-3.202060000000000323e-02,-3.626309999999999777e-04,1.000000000000000000e+00
1.798320000000000127e-02,7.022950000000000243e-04,1.000000000000000000e+00
2.608409999999999895e-02,1.454319999999999918e-02,1.000000000000000000e+00
4.841229999999999839e-02,6.922910000000000001e-03,1.000000000000000000e+00
4.043290000000000078e-02,-2.896909999999999936e-03,1.000000000000000000e+00
3.062820000000000126e-02,1.206630000000000029e-02,1.000000000000000000e+00
-3.258080000000000004e-02,1.523300000000000001e-02,1.000000000000000000e+00
1.238790000000000030e-02,-1.595660000000000134e-02,1.000000000000000000e+00
-3.806400000000000148e-03,-2.868910000000000015e-04,1.000000000000000000e+00
4.944199999999999984e-02,3.420840000000000079e-03,1.000000000000000000e+00
4.189389999999999781e-02,3.570629999999999984e-03,1.000000000000000000e+00
-8.553790000000000351e-03,4.879640000000000193e-03,1.000000000000000000e+00
-2.712730000000000002e-02,-1.148099999999999989e-03,1.000000000000000000e+00
3.578710000000000224e-02,-5.636659999999999934e-03,1.000000000000000000e+00
-9.117959999999999607e-03,2.210399999999999952e-03,1.000000000000000000e+00
-2.154359999999999956e-02,1.207160000000000004e-02,1.000000000000000000e+00
1.825200000000000086e-02,-1.873539999999999928e-02,1.000000000000000000e+00
1.056759999999999904e-03,-7.215280000000000131e-03,1.000000000000000000e+00
-3.343390000000000251e-02,-1.311310000000000080e-02,1.000000000000000000e+00
2.474550000000000013e-02,1.447960000000000046e-02,1.000000000000000000e+00
1.242290000000000061e-04,1.645399999999999988e-02,1.000000000000000000e+00
4.251800000000000024e-02,-1.220579999999999972e-03,1.000000000000000000e+00
-1.357369999999999931e-02,2.226279999999999926e-02,1.000000000000000000e+00
3.549780000000000296e-02,2.593979999999999854e-04,1.000000000000000000e+00
1.328640000000000073e-03,2.176909999999999956e-02,1.000000000000000000e+00
2.190819999999999920e-02,2.266670000000000143e-02,1.000000000000000000e+00
2.484429999999999972e-02,-1.336590000000000000e-02,1.000000000000000000e+00
-2.077539999999999942e-02,-4.905800000000000091e-03,1.000000000000000000e+00
5.566540000000000030e-03,-1.493590000000000022e-02,1.000000000000000000e+00
-6.998070000000000332e-03,3.077340000000000023e-03,1.000000000000000000e+00
2.332769999999999982e-02,1.281309999999999914e-02,1.000000000000000000e+00
1.823009999999999908e-02,3.440920000000000090e-03,1.000000000000000000e+00
4.653689999999999910e-02,5.941669999999999591e-03,1.000000000000000000e+00
-3.058769999999999892e-02,1.175230000000000025e-02,1.000000000000000000e+00
2.621619999999999853e-02,-2.627640000000000097e-03,1.000000000000000000e+00
-5.740280000000000382e-03,2.116780000000000050e-02,1.000000000000000000e+00
-1.009269999999999959e-02,5.262649999999999793e-03,1.000000000000000000e+00
-1.831680000000000114e-02,1.730999999999999900e-02,1.000000000000000000e+00
2.772399999999999864e-02,4.704899999999999707e-03,1.000000000000000000e+00
-1.143910000000000066e-02,-1.788889999999999925e-02,1.000000000000000000e+00
-2.504520000000000010e-02,-3.546249999999999923e-03,1.000000000000000000e+00
4.776749999999999746e-03,1.883910000000000098e-02,1.000000000000000000e+00
-2.047679999999999986e-02,1.681240000000000165e-02,1.000000000000000000e+00
-1.948389999999999931e-03,-2.076499999999999874e-02,1.000000000000000000e+00
-4.642300000000000246e-03,-1.101569999999999980e-02,1.000000000000000000e+00
-1.492160000000000014e-02,-7.715159999999999770e-04,1.000000000000000000e+00
3.313350000000000323e-02,8.310690000000000351e-04,1.000000000000000000e+00
-2.307719999999999910e-02,1.007650000000000039e-02,1.000000000000000000e+00
-2.508139999999999849e-03,1.355050000000000004e-02,1.000000000000000000e+00
-1.781459999999999988e-02,9.836009999999999198e-03,1.000000000000000000e+00
-2.478709999999999941e-02,1.218990000000000091e-03,1.000000000000000000e+00
-3.196079999999999754e-02,-8.469020000000000714e-03,1.000000000000000000e+00
6.506160000000000198e-04,-1.159349999999999964e-02,1.000000000000000000e+00
-4.662930000000000026e-03,1.734909999999999924e-02,1.000000000000000000e+00
2.480809999999999960e-02,-1.824490000000000139e-02,1.000000000000000000e+00
3.703569999999999779e-02,-9.342829999999999885e-03,1.000000000000000000e+00
3.381800000000000084e-02,1.572540000000000049e-02,1.000000000000000000e+00
2.923999999999999863e-02,1.107379999999999996e-02,1.000000000000000000e+00
6.625090000000000146e-03,-1.278980000000000047e-02,1.000000000000000000e+00
-1.885179999999999842e-02,1.127580000000000075e-02,1.000000000000000000e+00
-2.909789999999999946e-02,4.023529999999999988e-03,1.000000000000000000e+00
-4.863660000000000205e-02,3.125399999999999966e-03,1.000000000000000000e+00
1.657120000000000121e-02,3.733129999999999869e-03,1.000000000000000000e+00
-4.952329999999999927e-02,1.602329999999999900e-03,1.000000000000000000e+00
1.065909999999999948e-02,-1.704040000000000069e-02,1.000000000000000000e+00
-4.088699999999999973e-02,6.872950000000000066e-03,1.000000000000000000e+00
-2.122769999999999865e-02,1.128670000000000020e-02,1.000000000000000000e+00
1.936409999999999867e-02,-4.388090000000000046e-02,2.000000000000000000e+00
8.585550000000000126e-02,-2.344560000000000047e-02,2.000000000000000000e+00
-1.317630000000000016e-02,-5.601790000000000241e-02,2.000000000000000000e+00
-6.110580000000000178e-02,-3.989499999999999991e-02,2.000000000000000000e+00
-1.012180000000000024e-01,-1.098750000000000074e-02,2.000000000000000000e+00
9.407930000000000459e-02,-2.399969999999999881e-02,2.000000000000000000e+00
5.517479999999999954e-03,-5.697599999999999887e-02,2.000000000000000000e+00
7.835720000000000185e-02,-1.864729999999999860e-02,2.000000000000000000e+00
-9.006440000000000279e-02,-2.287329999999999919e-02,2.000000000000000000e+00
-7.362449999999999550e-02,-2.481279999999999944e-02,2.000000000000000000e+00
6.941060000000000285e-02,-2.861719999999999889e-02,2.000000000000000000e+00
-6.096340000000000092e-02,-3.204699999999999910e-02,2.000000000000000000e+00
-7.952700000000000047e-02,-2.303130000000000108e-02,2.000000000000000000e+00
-9.234290000000000553e-02,-1.142579999999999985e-02,2.000000000000000000e+00
-7.945320000000000160e-02,-1.558709999999999957e-02,2.000000000000000000e+00
1.372509999999999963e-03,-4.686850000000000044e-02,2.000000000000000000e+00
1.055350000000000038e-01,-1.965439999999999895e-02,2.000000000000000000e+00
-6.732179999999999935e-03,-5.794910000000000339e-02,2.000000000000000000e+00
8.493799999999999961e-02,-7.522830000000000315e-03,2.000000000000000000e+00
-7.082060000000000265e-03,-5.805810000000000137e-02,2.000000000000000000e+00
9.013540000000000441e-02,-1.713860000000000036e-02,2.000000000000000000e+00
-8.891559999999999742e-02,-3.830959999999999921e-02,2.000000000000000000e+00
-7.055699999999999472e-02,-3.162519999999999915e-02,2.000000000000000000e+00
7.601910000000000611e-02,-2.713439999999999949e-02,2.000000000000000000e+00
6.685969999999999414e-02,-3.475020000000000192e-02,2.000000000000000000e+00
7.280029999999999835e-02,-3.029389999999999861e-02,2.000000000000000000e+00
2.372689999999999869e-02,-4.731090000000000295e-02,2.000000000000000000e+00
-2.474410000000000151e-02,-6.155780000000000279e-02,2.000000000000000000e+00
-7.572790000000000250e-04,-5.314460000000000017e-02,2.000000000000000000e+00
-2.487099999999999901e-03,-5.752109999999999862e-02,2.000000000000000000e+00
8.340200000000000391e-02,-5.348490000000000015e-03,2.000000000000000000e+00
-8.095019999999999993e-02,-6.397820000000000243e-03,2.000000000000000000e+00
-8.277809999999999335e-02,-3.306810000000000305e-02,2.000000000000000000e+00
6.031890000000000168e-02,-4.332960000000000284e-02,2.000000000000000000e+00
-8.077380000000000670e-02,-4.336870000000000308e-02,2.000000000000000000e+00
1.151039999999999980e-01,-5.168650000000000327e-03,2.000000000000000000e+00
-4.800279999999999825e-02,-5.579599999999999838e-02,2.000000000000000000e+00
6.702550000000000174e-02,-5.162200000000000122e-02,2.000000000000000000e+00
6.049849999999999672e-02,-4.255930000000000130e-02,2.000000000000000000e+00
-1.037939999999999974e-01,-1.549889999999999948e-02,2.000000000000000000e+00
2.236660000000000037e-02,-4.591769999999999879e-02,2.000000000000000000e+00
-6.182239999999999958e-02,-3.185679999999999762e-02,2.000000000000000000e+00
-5.917279999999999762e-02,-4.189520000000000050e-02,2.000000000000000000e+00
3.310400000000000148e-02,-4.561040000000000233e-02,2.000000000000000000e+00
-2.574030000000000068e-02,-4.899459999999999926e-02,2.000000000000000000e+00
6.915390000000000426e-02,-5.094069999999999848e-02,2.000000000000000000e+00
-6.782810000000000228e-02,-3.333320000000000033e-02,2.000000000000000000e+00
-7.251319999999999988e-02,-4.622849999999999876e-02,2.000000000000000000e+00
-8.204110000000000569e-02,-1.308020000000000016e-02,2.000000000000000000e+00
-7.173380000000000034e-02,-2.332359999999999989e-02,2.000000000000000000e+00
6.946470000000000422e-02,-4.128439999999999888e-02,2.000000000000000000e+00
9.340239999999999654e-02,-3.024630000000000027e-02,2.000000000000000000e+00
-9.404940000000000522e-02,-1.917670000000000138e-02,2.000000000000000000e+00
-6.542090000000000405e-02,-3.668980000000000158e-02,2.000000000000000000e+00
8.451240000000000141e-02,-5.603760000000000165e-03,2.000000000000000000e+00
-7.651230000000000531e-02,-1.809869999999999882e-02,2.000000000000000000e+00
-6.855909999999999782e-02,-3.203179999999999916e-02,2.000000000000000000e+00
-7.787769999999999415e-02,-1.489019999999999927e-02,2.000000000000000000e+00
8.322649999999999493e-02,-8.428359999999999325e-03,2.000000000000000000e+00
2.037809999999999969e-02,-4.881180000000000241e-02,2.000000000000000000e+00
8.356600000000000139e-02,-3.087519999999999848e-02,2.000000000000000000e+00
9.307769999999999933e-03,-4.519859999999999850e-02,2.000000000000000000e+00
1.014189999999999953e-01,-2.332439999999999861e-02,2.000000000000000000e+00
-5.887300000000000172e-02,-4.987199999999999966e-02,2.000000000000000000e+00
1.010729999999999962e-01,-1.565470000000000056e-02,2.000000000000000000e+00
9.361350000000000227e-02,-1.480990000000000084e-02,2.000000000000000000e+00
1.122779999999999959e-02,-4.557209999999999733e-02,2.000000000000000000e+00
-2.679820000000000119e-02,-4.935649999999999760e-02,2.000000000000000000e+00
4.910780000000000006e-02,-4.034200000000000286e-02,2.000000000000000000e+00
-2.088660000000000169e-02,-5.235879999999999701e-02,2.000000000000000000e+00
6.107300000000000229e-02,-3.552700000000000302e-02,2.000000000000000000e+00
8.126659999999999440e-02,-2.022200000000000039e-02,2.000000000000000000e+00
-1.625909999999999855e-02,-4.575880000000000225e-02,2.000000000000000000e+00
-1.033189999999999942e-01,-2.367609999999999854e-02,2.000000000000000000e+00
-7.478809999999999625e-02,-4.272909999999999903e-02,2.000000000000000000e+00
1.821679999999999827e-02,-5.680120000000000308e-02,2.000000000000000000e+00
-3.299669999999999687e-02,-5.128669999999999757e-02,2.000000000000000000e+00
9.478999999999999926e-02,-1.083669999999999946e-02,2.000000000000000000e+00
7.821440000000000337e-02,-2.661200000000000024e-02,2.000000000000000000e+00
-2.077230000000000049e-02,-4.834979999999999833e-02,2.000000000000000000e+00
-7.567390000000000227e-02,-1.828379999999999936e-02,2.000000000000000000e+00
-1.093019999999999964e-01,-1.770930000000000074e-02,2.000000000000000000e+00
5.435879999999999879e-02,-3.973870000000000180e-02,2.000000000000000000e+00
-7.702649999999999775e-02,-3.907929999999999737e-02,2.000000000000000000e+00
3.484219999999999678e-02,-4.238309999999999994e-02,2.000000000000000000e+00
8.807149999999999701e-02,-1.797719999999999874e-02,2.000000000000000000e+00
1.319930000000000062e-02,-5.203979999999999717e-02,2.000000000000000000e+00
-1.583290000000000045e-02,-6.194670000000000037e-02,2.000000000000000000e+00
1.204670000000000046e-02,-4.715010000000000034e-02,2.000000000000000000e+00
4.717779999999999890e-02,-4.397530000000000189e-02,2.000000000000000000e+00
3.910140000000000143e-02,-4.662410000000000165e-02,2.000000000000000000e+00
-1.059530000000000055e-01,-1.280530000000000036e-02,2.000000000000000000e+00
-3.889050000000000146e-02,-4.158810000000000284e-02,2.000000000000000000e+00
9.133349999999999802e-02,-3.963280000000000275e-02,2.000000000000000000e+00
-5.132960000000000300e-02,-4.182389999999999719e-02,2.000000000000000000e+00
-1.952409999999999909e-02,-5.423569999999999780e-02,2.000000000000000000e+00
4.674020000000000258e-02,-4.402090000000000169e-02,2.000000000000000000e+00
-7.912099999999999689e-02,-3.249729999999999980e-02,2.000000000000000000e+00
-5.168480000000000296e-02,-3.790090000000000126e-02,2.000000000000000000e+00
9.946530000000000649e-02,-2.049020000000000008e-02,2.000000000000000000e+00
-8.059589999999999810e-02,-2.110010000000000011e-02,2.000000000000000000e+00
-2.225299999999999848e-02,-6.183280000000000026e-02,2.000000000000000000e+00
9.429049999999999931e-02,-1.205490000000000034e-02,2.000000000000000000e+00
9.246000000000000052e-02,-1.839160000000000100e-02,2.000000000000000000e+00
2.238189999999999971e-02,-5.466449999999999781e-02,2.000000000000000000e+00
-7.901149999999999840e-02,-2.292409999999999934e-02,2.000000000000000000e+00
-8.652540000000000231e-02,-2.793030000000000165e-02,2.000000000000000000e+00
4.647260000000000280e-02,-4.976389999999999980e-02,2.000000000000000000e+00
3.918019999999999836e-02,-4.623700000000000032e-02,2.000000000000000000e+00
-8.472000000000000364e-02,-1.505650000000000044e-02,2.000000000000000000e+00
5.167839999999999934e-03,-5.252280000000000143e-02,2.000000000000000000e+00
-8.413760000000000683e-02,-3.603590000000000265e-02,2.000000000000000000e+00
-8.361399999999999388e-02,-9.289449999999999444e-03,2.000000000000000000e+00
3.343299999999999744e-02,-4.810620000000000174e-02,2.000000000000000000e+00
9.362689999999999901e-02,-7.540680000000000126e-03,2.000000000000000000e+00
8.964610000000000634e-02,-2.681980000000000128e-02,2.000000000000000000e+00
-6.438819999999999613e-03,-4.692070000000000268e-02,2.000000000000000000e+00
-5.604510000000000047e-02,-5.635760000000000075e-02,2.000000000000000000e+00
1.188359999999999937e-02,-4.694770000000000193e-02,2.000000000000000000e+00
-8.446180000000000354e-02,-1.317459999999999985e-02,2.000000000000000000e+00
-4.818940000000000029e-02,-4.815810000000000229e-02,2.000000000000000000e+00
-5.802890000000000131e-02,-5.460689999999999988e-02,2.000000000000000000e+00
-6.506570000000000409e-02,-4.920059999999999711e-02,2.000000000000000000e+00
4.813490000000000130e-02,-5.537419999999999842e-02,2.000000000000000000e+00
-7.957780000000000409e-02,-1.151469999999999924e-02,2.000000000000000000e+00
4.996939999999999715e-02,-3.902169999999999944e-02,2.000000000000000000e+00
-7.699079999999999813e-02,-3.599530000000000091e-02,2.000000000000000000e+00
7.922310000000000463e-02,-3.312659999999999910e-02,2.000000000000000000e+00
4.979709999999999692e-02,-4.731839999999999657e-02,2.000000000000000000e+00
1.173980000000000032e-03,-5.000020000000000159e-02,2.000000000000000000e+00
-8.702830000000000288e-02,-9.150560000000000291e-03,2.000000000000000000e+00
6.336690000000000378e-02,-3.595600000000000185e-02,2.000000000000000000e+00
-5.564460000000000239e-02,-4.419900000000000218e-02,2.000000000000000000e+00
4.344420000000000226e-02,-4.597949999999999954e-02,2.000000000000000000e+00
-6.572240000000000026e-02,-4.532909999999999717e-02,2.000000000000000000e+00
1.004590000000000066e-01,-7.035849999999999743e-03,2.000000000000000000e+00
2.924840000000000079e-02,-4.734850000000000170e-02,2.000000000000000000e+00
-5.537879999999999886e-02,-3.488120000000000109e-02,2.000000000000000000e+00
-2.421090000000000048e-02,-5.701019999999999699e-02,2.000000000000000000e+00
1.114330000000000008e-02,-5.465710000000000013e-02,2.000000000000000000e+00
-9.415510000000000546e-02,-9.573599999999999818e-03,2.000000000000000000e+00
8.405350000000000321e-02,-1.631579999999999836e-02,2.000000000000000000e+00
-2.580810000000000048e-02,-4.651609999999999773e-02,2.000000000000000000e+00
9.240130000000000565e-02,-1.036130000000000037e-02,2.000000000000000000e+00
1.695280000000000051e-02,-4.763719999999999760e-02,2.000000000000000000e+00
-1.113989999999999946e-02,-6.049709999999999810e-02,2.000000000000000000e+00
-8.199750000000000094e-02,-3.133879999999999999e-02,2.000000000000000000e+00
-8.777890000000000692e-02,-2.539599999999999844e-02,2.000000000000000000e+00
8.898040000000000116e-02,-3.875760000000000316e-02,2.000000000000000000e+00
8.903250000000000053e-02,-2.510360000000000022e-02,2.000000000000000000e+00
-9.342350000000000654e-02,-3.035090000000000010e-02,2.000000000000000000e+00
-7.370309999999999362e-02,-2.201919999999999919e-02,2.000000000000000000e+00
8.710379999999999512e-02,-3.374780000000000141e-02,2.000000000000000000e+00
8.079060000000000408e-02,-1.594090000000000090e-02,2.000000000000000000e+00
5.842640000000000333e-02,-4.364099999999999924e-02,2.000000000000000000e+00
1.144690000000000013e-01,-1.697979999999999975e-02,2.000000000000000000e+00
8.333840000000000692e-02,-3.493530000000000246e-02,2.000000000000000000e+00
3.395190000000000013e-02,-5.685740000000000238e-02,2.000000000000000000e+00
6.824929999999999886e-02,-3.025469999999999896e-02,2.000000000000000000e+00
4.238580000000000125e-02,-5.695990000000000081e-02,2.000000000000000000e+00
2.117040000000000154e-03,-5.467729999999999813e-02,2.000000000000000000e+00
7.061879999999999546e-02,-2.973270000000000080e-02,2.000000000000000000e+00
8.897140000000000604e-02,-2.977149999999999935e-02,2.000000000000000000e+00
-9.474090000000000289e-02,-1.360199999999999951e-02,2.000000000000000000e+00
-5.436269999999999991e-02,-4.430049999999999960e-02,2.000000000000000000e+00
-5.917820000000000025e-02,-3.773100000000000065e-02,2.000000000000000000e+00
-3.363390000000000130e-02,-5.414750000000000119e-02,2.000000000000000000e+00
-7.278729999999999922e-02,-2.201449999999999935e-02,2.000000000000000000e+00
7.010270000000000390e-02,-4.154130000000000322e-02,2.000000000000000000e+00
6.715150000000000285e-02,-3.689569999999999655e-02,2.000000000000000000e+00
-8.750840000000000007e-02,-6.030149999999999746e-03,2.000000000000000000e+00
2.327960000000000099e-02,-5.339929999999999677e-02,2.000000000000000000e+00
-4.282869999999999733e-02,-4.201060000000000211e-02,2.000000000000000000e+00
-5.751250000000000112e-02,-3.431359999999999966e-02,2.000000000000000000e+00
-6.774689999999999879e-02,-4.523010000000000225e-02,2.000000000000000000e+00
4.081900000000000112e-02,-4.021489999999999787e-02,2.000000000000000000e+00
8.529230000000000145e-02,-9.635440000000000324e-03,2.000000000000000000e+00
-6.528430000000000344e-02,-3.293309999999999987e-02,2.000000000000000000e+00
7.855800000000000283e-02,-3.844059999999999838e-02,2.000000000000000000e+00
9.913460000000000674e-03,-4.526270000000000293e-02,2.000000000000000000e+00
1.207740000000000029e-02,-4.548630000000000034e-02,2.000000000000000000e+00
-8.503289999999999460e-02,-8.484220000000000650e-03,2.000000000000000000e+00
-6.401690000000000158e-02,-3.809970000000000023e-02,2.000000000000000000e+00
4.766689999999999816e-02,-4.627420000000000144e-02,2.000000000000000000e+00
-4.041170000000000179e-02,-3.982519999999999810e-02,2.000000000000000000e+00
-4.483109999999999873e-02,-5.239180000000000226e-02,2.000000000000000000e+00
-1.012320000000000025e-01,-8.188380000000000311e-03,2.000000000000000000e+00
4.099239999999999655e-03,-6.110550000000000009e-02,2.000000000000000000e+00
-5.720730000000000259e-02,-3.910140000000000143e-02,2.000000000000000000e+00
5.185639999999999694e-02,-3.883629999999999721e-02,2.000000000000000000e+00
1.299930000000000009e-02,-5.337179999999999702e-02,2.000000000000000000e+00
2.563699999999999920e-03,-4.547609999999999847e-02,2.000000000000000000e+00
8.420460000000000444e-02,-1.461939999999999941e-02,2.000000000000000000e+00
8.668370000000000242e-02,-1.091109999999999997e-02,2.000000000000000000e+00
-4.807419999999999749e-03,-5.017169999999999963e-02,2.000000000000000000e+00
9.095699999999999619e-02,-1.008090000000000028e-02,2.000000000000000000e+00
-6.580600000000000338e-02,-3.313340000000000035e-02,2.000000000000000000e+00
-9.078769999999999896e-02,-1.898609999999999881e-02,2.000000000000000000e+00
5.779539999999999678e-02,-3.374010000000000203e-02,2.000000000000000000e+00
6.355579999999999563e-02,-4.219660000000000077e-02,2.000000000000000000e+00
5.824629999999999912e-03,-4.995449999999999890e-02,2.000000000000000000e+00
-2.651260000000000075e-02,-4.676790000000000114e-02,2.000000000000000000e+00
-8.370410000000000350e-02,-2.220079999999999970e-02,2.000000000000000000e+00
-1.696690000000000004e-02,-4.470129999999999937e-02,2.000000000000000000e+00
8.211100000000000343e-02,-2.046649999999999858e-02,2.000000000000000000e+00
-5.216210000000000291e-02,-4.973459999999999687e-02,2.000000000000000000e+00
6.203380000000000005e-02,-3.036749999999999866e-02,2.000000000000000000e+00
9.068759999999999322e-02,-1.038969999999999998e-02,2.000000000000000000e+00
6.070840000000000264e-02,-3.419099999999999917e-02,2.000000000000000000e+00
-4.593180000000000179e-02,-5.135390000000000094e-02,2.000000000000000000e+00
2.586269999999999888e-02,-5.774159999999999709e-02,2.000000000000000000e+00
-8.228749999999999953e-02,-3.277800000000000158e-02,2.000000000000000000e+00
8.713139999999999774e-02,-2.016240000000000046e-02,2.000000000000000000e+00
-7.797719999999999652e-02,-2.793700000000000003e-02,2.000000000000000000e+00
-8.249269999999999520e-03,-4.635349999999999887e-02,2.000000000000000000e+00
5.478360000000000174e-02,-4.749180000000000068e-02,2.000000000000000000e+00
-5.155889999999999779e-02,-5.463260000000000338e-02,2.000000000000000000e+00
-7.986490000000000256e-02,-3.148150000000000254e-02,2.000000000000000000e+00
1.181740000000000047e-02,-5.649660000000000099e-02,2.000000000000000000e+00
-7.578329999999999789e-02,-2.244859999999999911e-02,2.000000000000000000e+00
-8.539620000000000544e-02,-2.655340000000000131e-02,2.000000000000000000e+00
1.007979999999999987e-01,-2.346509999999999915e-02,2.000000000000000000e+00
-5.652770000000000017e-02,-4.338550000000000045e-02,2.000000000000000000e+00
8.464499999999999802e-02,-1.465450000000000086e-02,2.000000000000000000e+00
-1.075210000000000055e-02,-5.713130000000000291e-02,2.000000000000000000e+00
5.618059999999999721e-02,-4.767799999999999816e-02,2.000000000000000000e+00
7.389320000000000610e-02,-3.873499999999999860e-02,2.000000000000000000e+00
-8.201270000000000305e-04,-4.794539999999999913e-02,2.000000000000000000e+00
8.602490000000000137e-02,-1.042009999999999985e-02,2.000000000000000000e+00
7.888929999999999554e-02,-1.464760000000000020e-02,2.000000000000000000e+00
1.151969999999999938e-01,-1.782310000000000144e-02,2.000000000000000000e+00
-7.565950000000000106e-03,-4.964350000000000013e-02,2.000000000000000000e+00
9.297199999999999909e-02,-1.134059999999999929e-02,2.000000000000000000e+00
-3.239659999999999762e-02,-5.092159999999999742e-02,2.000000000000000000e+00
5.908220000000000138e-02,-3.900250000000000244e-02,2.000000000000000000e+00
8.001890000000000391e-02,-2.220669999999999936e-02,2.000000000000000000e+00
-3.955159999999999926e-02,-4.252229999999999899e-02,2.000000000000000000e+00
9.186800000000000521e-02,-6.980580000000000118e-03,2.000000000000000000e+00
-2.424520000000000147e-02,-5.355279999999999763e-02,2.000000000000000000e+00
5.074809999999999738e-02,-4.302389999999999687e-02,2.000000000000000000e+00
-3.891769999999999952e-02,-4.264310000000000322e-02,2.000000000000000000e+00
8.809200000000000363e-02,-2.890960000000000057e-02,2.000000000000000000e+00
8.408269999999999633e-02,-9.545919999999999406e-03,2.000000000000000000e+00
-9.158189999999999387e-02,-6.532330000000000254e-03,2.000000000000000000e+00
-5.408639999999999975e-02,-5.097870000000000179e-02,2.000000000000000000e+00
-3.052850000000000008e-02,-6.123200000000000170e-02,2.000000000000000000e+00
6.988289999999999780e-02,-3.268879999999999703e-02,2.000000000000000000e+00
3.593600000000000266e-02,-4.285749999999999976e-02,2.000000000000000000e+00
-8.042080000000000062e-02,-1.904669999999999974e-02,2.000000000000000000e+00
5.623210000000000014e-02,-3.535939999999999916e-02,2.000000000000000000e+00
1.388529999999999973e-02,5.578260000000000163e-02,3.000000000000000000e+00
-7.267890000000000461e-02,2.976399999999999879e-02,3.000000000000000000e+00
-7.580939999999999901e-02,2.443330000000000155e-02,3.000000000000000000e+00
2.148229999999999931e-02,4.432799999999999935e-02,3.000000000000000000e+00
-7.496070000000000511e-02,1.961540000000000158e-02,3.000000000000000000e+00
-5.478050000000000280e-02,3.461550000000000044e-02,3.000000000000000000e+00
-9.649760000000000282e-02,1.804050000000000098e-02,3.000000000000000000e+00
-1.051460000000000033e-01,1.940479999999999983e-02,3.000000000000000000e+00
-8.188499999999999945e-02,6.268529999999999588e-03,3.000000000000000000e+00
-7.898059999999999803e-02,2.131030000000000077e-02,3.000000000000000000e+00
4.902970000000000245e-02,4.616370000000000196e-02,3.000000000000000000e+00
-5.917410000000000031e-02,3.632040000000000268e-02,3.000000000000000000e+00
-3.984760000000000385e-03,4.823129999999999779e-02,3.000000000000000000e+00
-1.042809999999999987e-01,9.066559999999999550e-03,3.000000000000000000e+00
6.715069999999999373e-02,3.536999999999999866e-02,3.000000000000000000e+00
7.522130000000000483e-02,3.269989999999999702e-02,3.000000000000000000e+00
1.557760000000000047e-02,4.692720000000000224e-02,3.000000000000000000e+00
-1.053800000000000014e-01,1.536180000000000011e-02,3.000000000000000000e+00
-7.201820000000000443e-02,2.535669999999999938e-02,3.000000000000000000e+00
-3.222409999999999858e-02,4.515750000000000319e-02,3.000000000000000000e+00
-4.104410000000000003e-02,3.994120000000000309e-02,3.000000000000000000e+00
-2.872840000000000116e-02,4.234269999999999701e-02,3.000000000000000000e+00
-9.640279999999999683e-02,1.141449999999999930e-02,3.000000000000000000e+00
-9.448039999999999564e-03,5.633080000000000032e-02,3.000000000000000000e+00
-4.988730000000000248e-02,4.074149999999999994e-02,3.000000000000000000e+00
-6.413399999999999657e-02,3.795609999999999956e-02,3.000000000000000000e+00
-1.054920000000000024e-01,1.666209999999999913e-02,3.000000000000000000e+00
-3.459859999999999932e-03,5.344120000000000120e-02,3.000000000000000000e+00
7.902929999999999677e-02,1.540009999999999990e-02,3.000000000000000000e+00
9.172700000000000298e-02,2.974279999999999979e-02,3.000000000000000000e+00
4.406260000000000038e-02,4.146430000000000254e-02,3.000000000000000000e+00
-9.962329999999999797e-02,1.138609999999999969e-02,3.000000000000000000e+00
-3.429270000000000235e-02,4.769489999999999841e-02,3.000000000000000000e+00
2.933360000000000134e-02,4.889729999999999771e-02,3.000000000000000000e+00
-1.075009999999999993e-01,2.331830000000000014e-02,3.000000000000000000e+00
4.571889999999999982e-02,4.212479999999999697e-02,3.000000000000000000e+00
5.514469999999999789e-02,3.425020000000000148e-02,3.000000000000000000e+00
-4.349909999999999888e-02,5.227190000000000308e-02,3.000000000000000000e+00
1.955279999999999865e-02,5.101859999999999729e-02,3.000000000000000000e+00
6.746470000000000244e-02,2.734289999999999984e-02,3.000000000000000000e+00
-6.615730000000000222e-02,3.414060000000000011e-02,3.000000000000000000e+00
2.527439999999999895e-02,4.798639999999999850e-02,3.000000000000000000e+00
2.021730000000000055e-02,4.846400000000000013e-02,3.000000000000000000e+00
-4.746049999999999922e-03,6.098730000000000123e-02,3.000000000000000000e+00
-9.725839999999999486e-02,3.025860000000000008e-02,3.000000000000000000e+00
-5.913100000000000300e-02,3.473020000000000274e-02,3.000000000000000000e+00
2.004190000000000138e-02,4.908019999999999744e-02,3.000000000000000000e+00
-5.808519999999999656e-02,3.323279999999999984e-02,3.000000000000000000e+00
8.554699999999999804e-02,5.491359999999999818e-03,3.000000000000000000e+00
-9.548910000000000731e-03,4.818599999999999967e-02,3.000000000000000000e+00
2.333920000000000092e-02,5.515409999999999757e-02,3.000000000000000000e+00
6.952279999999999571e-02,4.175489999999999757e-02,3.000000000000000000e+00
6.824979999999999589e-03,5.383229999999999960e-02,3.000000000000000000e+00
-7.417519999999999669e-02,4.940649999999999903e-02,3.000000000000000000e+00
8.174839999999999884e-02,2.430639999999999884e-02,3.000000000000000000e+00
6.436290000000000067e-02,4.738150000000000001e-02,3.000000000000000000e+00
1.019980000000000019e-02,5.351569999999999938e-02,3.000000000000000000e+00
-6.647509999999999530e-02,3.892149999999999777e-02,3.000000000000000000e+00
-7.994740000000000180e-02,1.245459999999999970e-02,3.000000000000000000e+00
-3.482280000000000098e-02,5.328370000000000328e-02,3.000000000000000000e+00
9.161270000000000524e-02,1.748260000000000092e-02,3.000000000000000000e+00
-5.583330000000000237e-02,4.169429999999999664e-02,3.000000000000000000e+00
-8.643860000000000432e-02,1.922219999999999832e-02,3.000000000000000000e+00
-3.755819999999999992e-02,4.496460000000000040e-02,3.000000000000000000e+00
-9.053110000000000324e-02,1.355499999999999934e-02,3.000000000000000000e+00
-4.877709999999999685e-02,4.461269999999999819e-02,3.000000000000000000e+00
-1.743549999999999961e-02,5.246449999999999725e-02,3.000000000000000000e+00
5.130339999999999900e-02,4.330830000000000096e-02,3.000000000000000000e+00
-1.294720000000000072e-02,4.464789999999999731e-02,3.000000000000000000e+00
-3.641339999999999855e-02,4.521109999999999712e-02,3.000000000000000000e+00
-6.245969999999999994e-03,5.781059999999999671e-02,3.000000000000000000e+00
7.267319999999999336e-02,2.757089999999999888e-02,3.000000000000000000e+00
-6.199899999999999856e-02,3.442980000000000346e-02,3.000000000000000000e+00
-1.478870000000000011e-02,4.962819999999999732e-02,3.000000000000000000e+00
6.891559999999999700e-03,5.189250000000000113e-02,3.000000000000000000e+00
8.609930000000000361e-02,6.357690000000000043e-03,3.000000000000000000e+00
-4.671770000000000089e-02,4.044470000000000010e-02,3.000000000000000000e+00
-7.712370000000000336e-02,1.958760000000000015e-02,3.000000000000000000e+00
-1.360459999999999968e-02,5.038200000000000317e-02,3.000000000000000000e+00
8.086079999999999657e-02,2.314139999999999947e-02,3.000000000000000000e+00
-8.561240000000000516e-02,7.758509999999999712e-03,3.000000000000000000e+00
-3.256930000000000242e-02,4.842090000000000283e-02,3.000000000000000000e+00
1.186429999999999950e-02,4.586439999999999961e-02,3.000000000000000000e+00
-5.282350000000000240e-02,3.532339999999999786e-02,3.000000000000000000e+00
-8.106910000000000505e-02,8.820359999999999312e-03,3.000000000000000000e+00
-2.921860000000000082e-02,4.947060000000000346e-02,3.000000000000000000e+00
-5.240120000000000194e-02,5.094730000000000092e-02,3.000000000000000000e+00
-8.209510000000000418e-02,3.279300000000000270e-02,3.000000000000000000e+00
-4.592609999999999748e-02,4.156130000000000241e-02,3.000000000000000000e+00
9.658139999999999781e-02,1.442330000000000001e-02,3.000000000000000000e+00
-3.971879999999999855e-02,4.625209999999999738e-02,3.000000000000000000e+00
8.962050000000000571e-02,1.265909999999999952e-02,3.000000000000000000e+00
3.805900000000000255e-02,4.253169999999999867e-02,3.000000000000000000e+00
-7.123250000000000415e-02,2.486810000000000062e-02,3.000000000000000000e+00
-1.312879999999999993e-03,4.992629999999999985e-02,3.000000000000000000e+00
-5.213190000000000185e-02,4.306329999999999880e-02,3.000000000000000000e+00
1.002040000000000014e-01,2.798130000000000062e-02,3.000000000000000000e+00
-8.461280000000000190e-02,1.223830000000000057e-02,3.000000000000000000e+00
-8.851820000000000521e-02,3.100030000000000147e-02,3.000000000000000000e+00
4.638880000000000087e-02,4.060169999999999751e-02,3.000000000000000000e+00
7.924730000000000663e-02,2.231819999999999984e-02,3.000000000000000000e+00
5.201759999999999717e-02,4.277369999999999783e-02,3.000000000000000000e+00
7.605850000000000111e-02,2.430639999999999884e-02,3.000000000000000000e+00
-7.935129999999999961e-02,3.167190000000000283e-02,3.000000000000000000e+00
-9.478190000000000226e-02,1.542329999999999916e-02,3.000000000000000000e+00
1.400520000000000063e-02,5.152480000000000254e-02,3.000000000000000000e+00
-1.034899999999999987e-01,1.356240000000000050e-02,3.000000000000000000e+00
4.981139999999999873e-02,5.066219999999999751e-02,3.000000000000000000e+00
3.643880000000000036e-02,4.102460000000000134e-02,3.000000000000000000e+00
3.067429999999999896e-03,5.162619999999999709e-02,3.000000000000000000e+00
-6.070260000000000239e-02,3.964499999999999968e-02,3.000000000000000000e+00
7.272969999999999435e-02,2.320799999999999946e-02,3.000000000000000000e+00
-9.768749999999999656e-02,2.802090000000000136e-02,3.000000000000000000e+00
7.919289999999999663e-02,2.979069999999999982e-02,3.000000000000000000e+00
6.173329999999999790e-02,3.612900000000000139e-02,3.000000000000000000e+00
-7.177500000000000546e-02,2.373190000000000022e-02,3.000000000000000000e+00
1.560130000000000067e-03,5.253410000000000024e-02,3.000000000000000000e+00
-7.480599999999999750e-02,2.836400000000000032e-02,3.000000000000000000e+00
6.096370000000000261e-02,3.414070000000000299e-02,3.000000000000000000e+00
-4.765599999999999697e-02,4.226429999999999770e-02,3.000000000000000000e+00
2.989150000000000140e-02,4.855809999999999987e-02,3.000000000000000000e+00
4.908740000000000325e-02,3.954909999999999676e-02,3.000000000000000000e+00
-3.886069999999999802e-02,5.065050000000000108e-02,3.000000000000000000e+00
8.543810000000000640e-03,5.248450000000000337e-02,3.000000000000000000e+00
-6.455279999999999352e-02,3.346489999999999881e-02,3.000000000000000000e+00
-8.340480000000000116e-02,2.125130000000000075e-02,3.000000000000000000e+00
3.539319999999999966e-02,5.091140000000000249e-02,3.000000000000000000e+00
-1.390070000000000021e-02,5.877670000000000117e-02,3.000000000000000000e+00
-9.831570000000000586e-02,2.765439999999999912e-02,3.000000000000000000e+00
8.127310000000000090e-02,2.526050000000000170e-02,3.000000000000000000e+00
-9.300020000000000508e-02,2.614309999999999898e-02,3.000000000000000000e+00
1.087919999999999998e-01,7.095530000000000066e-03,3.000000000000000000e+00
5.141729999999999912e-02,5.096780000000000060e-02,3.000000000000000000e+00
-8.860700000000000520e-02,1.104459999999999990e-02,3.000000000000000000e+00
-5.526070000000000287e-02,4.706330000000000235e-02,3.000000000000000000e+00
7.009669999999999790e-02,3.765570000000000028e-02,3.000000000000000000e+00
2.831360000000000127e-02,5.500189999999999940e-02,3.000000000000000000e+00
4.041539999999999716e-03,4.927569999999999867e-02,3.000000000000000000e+00
8.267370000000000274e-02,2.283119999999999941e-02,3.000000000000000000e+00
-7.697729999999999850e-02,2.578669999999999921e-02,3.000000000000000000e+00
-1.053629999999999983e-01,6.457469999999999877e-03,3.000000000000000000e+00
-4.822350000000000247e-02,4.050510000000000221e-02,3.000000000000000000e+00
2.450930000000000122e-02,5.508840000000000264e-02,3.000000000000000000e+00
2.093760000000000066e-02,5.018559999999999688e-02,3.000000000000000000e+00
-8.120439999999999603e-02,3.839370000000000283e-02,3.000000000000000000e+00
2.214620000000000130e-02,5.578360000000000263e-02,3.000000000000000000e+00
4.708709999999999979e-02,4.957600000000000201e-02,3.000000000000000000e+00
7.767269999999999730e-02,2.905529999999999918e-02,3.000000000000000000e+00
8.826970000000000649e-02,2.299270000000000133e-02,3.000000000000000000e+00
-6.470130000000000325e-02,3.212539999999999840e-02,3.000000000000000000e+00
-9.763990000000000169e-02,1.282890000000000072e-02,3.000000000000000000e+00
-7.428479999999999805e-02,2.119659999999999947e-02,3.000000000000000000e+00
-1.009810000000000013e-01,1.018529999999999956e-02,3.000000000000000000e+00
8.451490000000000391e-02,7.702810000000000039e-03,3.000000000000000000e+00
-8.197019999999999307e-02,5.322509999999999915e-03,3.000000000000000000e+00
1.694000000000000020e-02,4.461489999999999900e-02,3.000000000000000000e+00
8.757389999999999619e-02,3.085229999999999917e-02,3.000000000000000000e+00
-1.761479999999999990e-02,5.534229999999999705e-02,3.000000000000000000e+00
-9.823890000000000053e-03,5.895639999999999908e-02,3.000000000000000000e+00
4.533600000000000130e-02,4.730460000000000220e-02,3.000000000000000000e+00
8.336499999999999466e-02,2.687180000000000124e-02,3.000000000000000000e+00
-1.037450000000000039e-01,2.494599999999999942e-02,3.000000000000000000e+00
-3.474010000000000292e-02,4.814079999999999748e-02,3.000000000000000000e+00
-4.890989999999999574e-03,4.793589999999999657e-02,3.000000000000000000e+00
-3.376250000000000084e-02,5.070240000000000163e-02,3.000000000000000000e+00
-4.563620000000000176e-02,5.519009999999999888e-02,3.000000000000000000e+00
-6.978360000000000118e-02,2.840279999999999888e-02,3.000000000000000000e+00
-9.982230000000000270e-02,1.562869999999999884e-02,3.000000000000000000e+00
8.411029999999999895e-02,1.129759999999999966e-02,3.000000000000000000e+00
-9.005820000000000491e-02,3.287919999999999732e-02,3.000000000000000000e+00
6.658409999999999329e-02,2.935979999999999840e-02,3.000000000000000000e+00
-2.770769999999999830e-02,5.329060000000000047e-02,3.000000000000000000e+00
2.308630000000000057e-02,4.856819999999999887e-02,3.000000000000000000e+00
5.286620000000000208e-02,4.374440000000000273e-02,3.000000000000000000e+00
-2.918769999999999785e-03,4.965970000000000106e-02,3.000000000000000000e+00
1.839729999999999924e-03,5.130160000000000275e-02,3.000000000000000000e+00
-4.376440000000000191e-02,4.738479999999999775e-02,3.000000000000000000e+00
3.725189999999999751e-02,4.592229999999999923e-02,3.000000000000000000e+00
-4.553759999999999752e-02,4.575699999999999906e-02,3.000000000000000000e+00
-9.879830000000000556e-02,1.355409999999999948e-02,3.000000000000000000e+00
1.013819999999999999e-02,4.516019999999999757e-02,3.000000000000000000e+00
-3.656199999999999728e-02,5.161690000000000028e-02,3.000000000000000000e+00
-7.596150000000000124e-02,3.412520000000000137e-02,3.000000000000000000e+00
-3.834629999999999983e-02,4.398359999999999770e-02,3.000000000000000000e+00
8.687899999999999789e-02,2.785400000000000029e-02,3.000000000000000000e+00
-7.834520000000000373e-02,2.716040000000000121e-02,3.000000000000000000e+00
-9.420839999999999770e-02,2.759429999999999869e-02,3.000000000000000000e+00
-1.037249999999999978e-01,7.840470000000000425e-03,3.000000000000000000e+00
-1.012429999999999927e-02,5.006340000000000096e-02,3.000000000000000000e+00
6.992990000000000317e-02,3.652629999999999766e-02,3.000000000000000000e+00
6.654010000000000480e-02,3.540220000000000172e-02,3.000000000000000000e+00
6.600419999999999898e-02,3.010399999999999882e-02,3.000000000000000000e+00
-8.563439999999999941e-02,1.030879999999999991e-02,3.000000000000000000e+00
5.185460000000000069e-02,3.801210000000000006e-02,3.000000000000000000e+00
-6.190559999999999813e-02,3.729380000000000195e-02,3.000000000000000000e+00
-6.623990000000000433e-02,2.880800000000000027e-02,3.000000000000000000e+00
-4.824889999999999735e-02,5.225099999999999884e-02,3.000000000000000000e+00
9.099060000000000481e-02,2.068139999999999909e-02,3.000000000000000000e+00
5.898889999999999689e-02,4.521010000000000306e-02,3.000000000000000000e+00
6.220149999999999985e-02,3.481780000000000291e-02,3.000000000000000000e+00
-7.793350000000000277e-02,4.714499999999999941e-02,3.000000000000000000e+00
-1.192209999999999971e-02,4.930629999999999735e-02,3.000000000000000000e+00
-6.790709999999999802e-02,4.538570000000000104e-02,3.000000000000000000e+00
7.310969999999999969e-02,3.680130000000000207e-02,3.000000000000000000e+00
-5.653260000000000229e-03,5.469999999999999862e-02,3.000000000000000000e+00
7.718819999999999848e-02,2.180939999999999962e-02,3.000000000000000000e+00
-8.143920000000000325e-02,2.966699999999999893e-02,3.000000000000000000e+00
2.704650000000000110e-02,4.521059999999999662e-02,3.000000000000000000e+00
-8.369469999999999688e-02,3.650980000000000197e-02,3.000000000000000000e+00
1.031689999999999968e-01,2.096260000000000137e-02,3.000000000000000000e+00
-9.303569999999999895e-02,1.955130000000000062e-02,3.000000000000000000e+00
8.896700000000000441e-02,1.533130000000000083e-02,3.000000000000000000e+00
8.276200000000000223e-02,8.478309999999999319e-03,3.000000000000000000e+00
5.453310000000000102e-02,5.726690000000000252e-02,3.000000000000000000e+00
9.839159999999999573e-02,1.773299999999999876e-02,3.000000000000000000e+00
-4.033660000000000023e-02,4.384430000000000271e-02,3.000000000000000000e+00
6.110190000000000066e-02,3.671859999999999707e-02,3.000000000000000000e+00
6.767059999999999742e-02,3.484929999999999972e-02,3.000000000000000000e+00
8.229219999999999591e-02,2.518019999999999980e-02,3.000000000000000000e+00
-7.783110000000000028e-02,3.394019999999999676e-02,3.000000000000000000e+00
-3.403679999999999900e-02,6.129670000000000257e-02,3.000000000000000000e+00
-9.342350000000000654e-02,3.061880000000000157e-02,3.000000000000000000e+00
8.590040000000000175e-02,1.831320000000000170e-02,3.000000000000000000e+00
-4.421259999999999774e-02,4.693119999999999931e-02,3.000000000000000000e+00
7.066260000000000596e-02,2.885319999999999899e-02,3.000000000000000000e+00
-9.402620000000000422e-02,3.340880000000000238e-02,3.000000000000000000e+00
-4.817219999999999835e-02,4.900750000000000245e-02,3.000000000000000000e+00
2.013850000000000015e-02,4.539490000000000192e-02,3.000000000000000000e+00
-7.031769999999999687e-02,4.106239999999999890e-02,3.000000000000000000e+00
4.873380000000000073e-03,5.075260000000000188e-02,3.000000000000000000e+00
-9.859049999999999758e-02,2.398149999999999935e-02,3.000000000000000000e+00
3.456340000000000107e-02,4.299300000000000344e-02,3.000000000000000000e+00
-9.673080000000000567e-02,8.929070000000000756e-03,3.000000000000000000e+00
3.843010000000000176e-02,5.649570000000000286e-02,3.000000000000000000e+00
-5.650109999999999855e-02,5.030389999999999862e-02,3.000000000000000000e+00
-1.043380000000000002e-01,6.249949999999999777e-03,3.000000000000000000e+00
-6.343159999999999597e-03,5.556839999999999696e-02,3.000000000000000000e+00
2.996199999999999905e-02,4.276329999999999715e-02,3.000000000000000000e+00
7.829060000000000186e-02,1.769669999999999924e-02,3.000000000000000000e+00
1.149469999999999936e-01,9.442219999999999433e-03,3.000000000000000000e+00
-6.588489999999999625e-02,3.421819999999999723e-02,3.000000000000000000e+00
-1.008450000000000041e-01,9.242659999999999765e-03,3.000000000000000000e+00
-3.253520000000000023e-02,5.737310000000000326e-02,3.000000000000000000e+00
8.515979999999999384e-02,9.556939999999999880e-03,3.000000000000000000e+00
-8.081770000000000620e-02,1.678810000000000024e-02,3.000000000000000000e+00
-5.942329999999999834e-02,3.521529999999999799e-02,3.000000000000000000e+00
7.182349999999999846e-02,3.906060000000000088e-02,3.000000000000000000e+00
-1.119840000000000002e-01,1.735880000000000062e-02,3.000000000000000000e+00
-5.073300000000000032e-02,3.933040000000000147e-02,3.000000000000000000e+00
8.561660000000000104e-02,1.695539999999999894e-02,3.000000000000000000e+00
5.964409999999999851e-02,4.448590000000000183e-02,3.000000000000000000e+00
-3.143409999999999954e-02,4.493219999999999853e-02,3.000000000000000000e+00
