9.801999999999999602e+00,1.013199999999999967e+01,1.000000000000000000e+00
1.034999999999999964e+01,9.768000000000000682e+00,1.000000000000000000e+00
1.009800000000000075e+01,9.987999999999999545e+00,1.000000000000000000e+00
9.730000000000000426e+00,9.910000000000000142e+00,1.000000000000000000e+00
9.753999999999999559e+00,1.042999999999999972e+01,1.000000000000000000e+00
9.836000000000000298e+00,9.901999999999999247e+00,1.000000000000000000e+00
1.023799999999999955e+01,9.865999999999999659e+00,1.000000000000000000e+00
9.529999999999999361e+00,9.862000000000000099e+00,1.000000000000000000e+00
1.015399999999999991e+01,9.820000000000000284e+00,1.000000000000000000e+00
9.336000000000000298e+00,1.045599999999999952e+01,1.000000000000000000e+00
9.378000000000000114e+00,1.021000000000000085e+01,1.000000000000000000e+00
9.711999999999999744e+00,1.026399999999999935e+01,1.000000000000000000e+00
9.637999999999999901e+00,1.020800000000000018e+01,1.000000000000000000e+00
9.518000000000000682e+00,9.955999999999999517e+00,1.000000000000000000e+00
1.023600000000000065e+01,9.910000000000000142e+00,1.000000000000000000e+00
9.400000000000000355e+00,1.008600000000000030e+01,1.000000000000000000e+00
1.019599999999999973e+01,9.746000000000000441e+00,1.000000000000000000e+00
1.013799999999999990e+01,9.827999999999999403e+00,1.000000000000000000e+00
1.006199999999999939e+01,1.025999999999999979e+01,1.000000000000000000e+00
1.039400000000000013e+01,9.983999999999999986e+00,1.000000000000000000e+00
1.028400000000000070e+01,1.034800000000000075e+01,1.000000000000000000e+00
9.705999999999999517e+00,9.977999999999999758e+00,1.000000000000000000e+00
9.906000000000000583e+00,1.058799999999999919e+01,1.000000000000000000e+00
1.035599999999999987e+01,9.198000000000000398e+00,1.000000000000000000e+00
9.954000000000000625e+00,9.704000000000000625e+00,1.000000000000000000e+00
9.795999999999999375e+00,1.037800000000000011e+01,1.000000000000000000e+00
1.038599999999999923e+01,1.060800000000000054e+01,1.000000000000000000e+00
1.041000000000000014e+01,9.912000000000000810e+00,1.000000000000000000e+00
1.017200000000000060e+01,1.059800000000000075e+01,1.000000000000000000e+00
1.028599999999999959e+01,9.711999999999999744e+00,1.000000000000000000e+00
9.932000000000000384e+00,1.023399999999999999e+01,1.000000000000000000e+00
1.029800000000000004e+01,9.948000000000000398e+00,1.000000000000000000e+00
1.035200000000000031e+01,9.932000000000000384e+00,1.000000000000000000e+00
9.848000000000000753e+00,1.032799999999999940e+01,1.000000000000000000e+00
1.051399999999999935e+01,1.049799999999999933e+01,1.000000000000000000e+00
9.944000000000000838e+00,9.933999999999999275e+00,1.000000000000000000e+00
9.919999999999999929e+00,1.002200000000000024e+01,1.000000000000000000e+00
9.907999999999999474e+00,1.060599999999999987e+01,1.000000000000000000e+00
1.018200000000000038e+01,9.990000000000000213e+00,1.000000000000000000e+00
1.025600000000000023e+01,9.250000000000000000e+00,1.000000000000000000e+00
1.203999999999999915e+01,1.002800000000000047e+01,2.000000000000000000e+00
1.208200000000000074e+01,1.004400000000000048e+01,2.000000000000000000e+00
1.240000000000000036e+01,1.015600000000000058e+01,2.000000000000000000e+00
1.198799999999999955e+01,9.926000000000000156e+00,2.000000000000000000e+00
1.233999999999999986e+01,9.917999999999999261e+00,2.000000000000000000e+00
1.222799999999999976e+01,9.977999999999999758e+00,2.000000000000000000e+00
1.234800000000000075e+01,1.048799999999999955e+01,2.000000000000000000e+00
1.204400000000000048e+01,9.358000000000000540e+00,2.000000000000000000e+00
1.173600000000000065e+01,1.012199999999999989e+01,2.000000000000000000e+00
1.234999999999999964e+01,9.798000000000000043e+00,2.000000000000000000e+00
1.124600000000000044e+01,1.012199999999999989e+01,2.000000000000000000e+00
1.227599999999999980e+01,1.099000000000000021e+01,2.000000000000000000e+00
1.237400000000000055e+01,1.001800000000000068e+01,2.000000000000000000e+00
1.252999999999999936e+01,1.000000000000000000e+01,2.000000000000000000e+00
1.226999999999999957e+01,9.791999999999999815e+00,2.000000000000000000e+00
1.236400000000000077e+01,1.017600000000000016e+01,2.000000000000000000e+00
1.245800000000000018e+01,1.017999999999999972e+01,2.000000000000000000e+00
1.195199999999999996e+01,9.682000000000000384e+00,2.000000000000000000e+00
1.177200000000000024e+01,9.923999999999999488e+00,2.000000000000000000e+00
1.150200000000000067e+01,1.000799999999999912e+01,2.000000000000000000e+00
1.213400000000000034e+01,9.481999999999999318e+00,2.000000000000000000e+00
1.162800000000000011e+01,1.028599999999999959e+01,2.000000000000000000e+00
1.206400000000000006e+01,9.615999999999999659e+00,2.000000000000000000e+00
1.190600000000000058e+01,9.820000000000000284e+00,2.000000000000000000e+00
1.173600000000000065e+01,1.028999999999999915e+01,2.000000000000000000e+00
1.211400000000000077e+01,1.090399999999999991e+01,2.000000000000000000e+00
1.158999999999999986e+01,9.711999999999999744e+00,2.000000000000000000e+00
1.264799999999999969e+01,9.814000000000000057e+00,2.000000000000000000e+00
1.216399999999999970e+01,1.101800000000000068e+01,2.000000000000000000e+00
1.222000000000000064e+01,9.795999999999999375e+00,2.000000000000000000e+00
1.184600000000000009e+01,9.634000000000000341e+00,2.000000000000000000e+00
1.180799999999999983e+01,1.005799999999999983e+01,2.000000000000000000e+00
1.209600000000000009e+01,9.846000000000000085e+00,2.000000000000000000e+00
1.159399999999999942e+01,1.007799999999999940e+01,2.000000000000000000e+00
1.225200000000000067e+01,9.938000000000000611e+00,2.000000000000000000e+00
1.199799999999999933e+01,9.676000000000000156e+00,2.000000000000000000e+00
1.189400000000000013e+01,1.001200000000000045e+01,2.000000000000000000e+00
1.227399999999999913e+01,9.935999999999999943e+00,2.000000000000000000e+00
1.217600000000000016e+01,1.036400000000000077e+01,2.000000000000000000e+00
1.210399999999999920e+01,1.038799999999999990e+01,2.000000000000000000e+00
1.137199999999999989e+01,1.146599999999999930e+01,3.000000000000000000e+00
1.093999999999999950e+01,1.148199999999999932e+01,3.000000000000000000e+00
1.108399999999999963e+01,1.155400000000000027e+01,3.000000000000000000e+00
1.123199999999999932e+01,1.137400000000000055e+01,3.000000000000000000e+00
1.122000000000000064e+01,1.164000000000000057e+01,3.000000000000000000e+00
1.096199999999999974e+01,1.175000000000000000e+01,3.000000000000000000e+00
1.101399999999999935e+01,1.174600000000000044e+01,3.000000000000000000e+00
1.152399999999999913e+01,1.098199999999999932e+01,3.000000000000000000e+00
1.101200000000000045e+01,1.136400000000000077e+01,3.000000000000000000e+00
1.119999999999999929e+01,1.106199999999999939e+01,3.000000000000000000e+00
1.162599999999999945e+01,1.189400000000000013e+01,3.000000000000000000e+00
1.123000000000000043e+01,1.172799999999999976e+01,3.000000000000000000e+00
1.114400000000000013e+01,1.191000000000000014e+01,3.000000000000000000e+00
1.110599999999999987e+01,1.186800000000000033e+01,3.000000000000000000e+00
1.152999999999999936e+01,1.191799999999999926e+01,3.000000000000000000e+00
1.121000000000000085e+01,1.111400000000000077e+01,3.000000000000000000e+00
1.074600000000000044e+01,1.170199999999999996e+01,3.000000000000000000e+00
1.115399999999999991e+01,1.169200000000000017e+01,3.000000000000000000e+00
1.141200000000000081e+01,1.192399999999999949e+01,3.000000000000000000e+00
1.094800000000000040e+01,1.153200000000000003e+01,3.000000000000000000e+00
1.098799999999999955e+01,1.229800000000000004e+01,3.000000000000000000e+00
1.096000000000000085e+01,1.139199999999999946e+01,3.000000000000000000e+00
1.165600000000000058e+01,1.134600000000000009e+01,3.000000000000000000e+00
1.117800000000000082e+01,1.206199999999999939e+01,3.000000000000000000e+00
1.136800000000000033e+01,1.156000000000000050e+01,3.000000000000000000e+00
1.126399999999999935e+01,1.172400000000000020e+01,3.000000000000000000e+00
1.155400000000000027e+01,1.157600000000000051e+01,3.000000000000000000e+00
1.097400000000000020e+01,1.111400000000000077e+01,3.000000000000000000e+00
1.111999999999999922e+01,1.163400000000000034e+01,3.000000000000000000e+00
1.150999999999999979e+01,1.205199999999999960e+01,3.000000000000000000e+00
1.094999999999999929e+01,1.140199999999999925e+01,3.000000000000000000e+00
1.186400000000000077e+01,1.240600000000000058e+01,3.000000000000000000e+00
1.119800000000000040e+01,1.085399999999999920e+01,3.000000000000000000e+00
1.165000000000000036e+01,1.149600000000000044e+01,3.000000000000000000e+00
1.124799999999999933e+01,1.172199999999999953e+01,3.000000000000000000e+00
1.160200000000000031e+01,1.188799999999999990e+01,3.000000000000000000e+00
1.142399999999999949e+01,1.145400000000000063e+01,3.000000000000000000e+00
1.131199999999999939e+01,1.171799999999999997e+01,3.000000000000000000e+00
1.073600000000000065e+01,1.167999999999999972e+01,3.000000000000000000e+00
1.156000000000000050e+01,1.179800000000000004e+01,3.000000000000000000e+00
1.002800000000000047e+01,1.226800000000000068e+01,4.000000000000000000e+00
9.282000000000000028e+00,1.197600000000000087e+01,4.000000000000000000e+00
9.178000000000000824e+00,1.152999999999999936e+01,4.000000000000000000e+00
9.954000000000000625e+00,1.239799999999999969e+01,4.000000000000000000e+00
9.621999999999999886e+00,1.155799999999999983e+01,4.000000000000000000e+00
9.913999999999999702e+00,1.184399999999999942e+01,4.000000000000000000e+00
9.070000000000000284e+00,1.109200000000000053e+01,4.000000000000000000e+00
1.057799999999999940e+01,1.135399999999999920e+01,4.000000000000000000e+00
9.582000000000000739e+00,1.214000000000000057e+01,4.000000000000000000e+00
9.621999999999999886e+00,1.152800000000000047e+01,4.000000000000000000e+00
9.349999999999999645e+00,1.171000000000000085e+01,4.000000000000000000e+00
1.023399999999999999e+01,1.197400000000000020e+01,4.000000000000000000e+00
8.986000000000000654e+00,1.231000000000000050e+01,4.000000000000000000e+00
9.438000000000000611e+00,1.210999999999999943e+01,4.000000000000000000e+00
9.592000000000000526e+00,1.201200000000000045e+01,4.000000000000000000e+00
9.666000000000000369e+00,1.188000000000000078e+01,4.000000000000000000e+00
9.364000000000000767e+00,1.201200000000000045e+01,4.000000000000000000e+00
9.710000000000000853e+00,1.177200000000000024e+01,4.000000000000000000e+00
9.992000000000000881e+00,1.183600000000000030e+01,4.000000000000000000e+00
9.916000000000000369e+00,1.202800000000000047e+01,4.000000000000000000e+00
9.381999999999999673e+00,1.222600000000000087e+01,4.000000000000000000e+00
9.807999999999999829e+00,1.223000000000000043e+01,4.000000000000000000e+00
9.272000000000000242e+00,1.215199999999999925e+01,4.000000000000000000e+00
9.391999999999999460e+00,1.117999999999999972e+01,4.000000000000000000e+00
9.279999999999999361e+00,1.197600000000000087e+01,4.000000000000000000e+00
9.848000000000000753e+00,1.163199999999999967e+01,4.000000000000000000e+00
9.321999999999999176e+00,1.151399999999999935e+01,4.000000000000000000e+00
9.717999999999999972e+00,1.194999999999999929e+01,4.000000000000000000e+00
9.119999999999999218e+00,1.175999999999999979e+01,4.000000000000000000e+00
8.977999999999999758e+00,1.236999999999999922e+01,4.000000000000000000e+00
1.007199999999999918e+01,1.220199999999999996e+01,4.000000000000000000e+00
9.965999999999999304e+00,1.182199999999999918e+01,4.000000000000000000e+00
9.506000000000000227e+00,1.164799999999999969e+01,4.000000000000000000e+00
9.701999999999999957e+00,1.153599999999999959e+01,4.000000000000000000e+00
9.449999999999999289e+00,1.196000000000000085e+01,4.000000000000000000e+00
9.916000000000000369e+00,1.196199999999999974e+01,4.000000000000000000e+00
9.960000000000000853e+00,1.153800000000000026e+01,4.000000000000000000e+00
9.013999999999999346e+00,1.174399999999999977e+01,4.000000000000000000e+00
9.023999999999999133e+00,1.184600000000000009e+01,4.000000000000000000e+00
1.029599999999999937e+01,1.160999999999999943e+01,4.000000000000000000e+00
7.870000000000000107e+00,1.083799999999999919e+01,5.000000000000000000e+00
8.163999999999999702e+00,1.053400000000000070e+01,5.000000000000000000e+00
8.214000000000000412e+00,1.061999999999999922e+01,5.000000000000000000e+00
8.166000000000000369e+00,1.069800000000000040e+01,5.000000000000000000e+00
8.050000000000000711e+00,1.074600000000000044e+01,5.000000000000000000e+00
7.977999999999999758e+00,1.113000000000000078e+01,5.000000000000000000e+00
8.080000000000000071e+00,1.099200000000000088e+01,5.000000000000000000e+00
8.471999999999999531e+00,1.108200000000000074e+01,5.000000000000000000e+00
8.493999999999999773e+00,1.058399999999999963e+01,5.000000000000000000e+00
8.353999999999999204e+00,1.038000000000000078e+01,5.000000000000000000e+00
8.096000000000000085e+00,1.071400000000000041e+01,5.000000000000000000e+00
7.881999999999999673e+00,1.083200000000000074e+01,5.000000000000000000e+00
7.908000000000000362e+00,1.134600000000000009e+01,5.000000000000000000e+00
7.814000000000000057e+00,1.087199999999999989e+01,5.000000000000000000e+00
8.279999999999999361e+00,1.010399999999999920e+01,5.000000000000000000e+00
8.082000000000000739e+00,1.067600000000000016e+01,5.000000000000000000e+00
8.067999999999999616e+00,1.011800000000000033e+01,5.000000000000000000e+00
8.115999999999999659e+00,1.069800000000000040e+01,5.000000000000000000e+00
8.041999999999999815e+00,1.078999999999999915e+01,5.000000000000000000e+00
8.096000000000000085e+00,1.087800000000000011e+01,5.000000000000000000e+00
8.124000000000000554e+00,1.093200000000000038e+01,5.000000000000000000e+00
8.631999999999999673e+00,1.112400000000000055e+01,5.000000000000000000e+00
8.269999999999999574e+00,1.071599999999999930e+01,5.000000000000000000e+00
7.621999999999999886e+00,1.014799999999999969e+01,5.000000000000000000e+00
8.198000000000000398e+00,1.139799999999999969e+01,5.000000000000000000e+00
8.582000000000000739e+00,1.106400000000000006e+01,5.000000000000000000e+00
7.942000000000000171e+00,1.107600000000000051e+01,5.000000000000000000e+00
8.003999999999999559e+00,1.057399999999999984e+01,5.000000000000000000e+00
8.503999999999999559e+00,1.137800000000000011e+01,5.000000000000000000e+00
8.118000000000000327e+00,1.101200000000000045e+01,5.000000000000000000e+00
7.873999999999999666e+00,1.129599999999999937e+01,5.000000000000000000e+00
7.668000000000000149e+00,1.092399999999999949e+01,5.000000000000000000e+00
7.966000000000000192e+00,1.072000000000000064e+01,5.000000000000000000e+00
7.940000000000000391e+00,1.099600000000000044e+01,5.000000000000000000e+00
7.988000000000000433e+00,1.122799999999999976e+01,5.000000000000000000e+00
8.163999999999999702e+00,1.111200000000000010e+01,5.000000000000000000e+00
8.385999999999999233e+00,1.077200000000000024e+01,5.000000000000000000e+00
8.247999999999999332e+00,1.099399999999999977e+01,5.000000000000000000e+00
8.285999999999999588e+00,1.073399999999999999e+01,5.000000000000000000e+00
8.224000000000000199e+00,1.031600000000000072e+01,5.000000000000000000e+00
7.975999999999999979e+00,9.577999999999999403e+00,6.000000000000000000e+00
7.876000000000000334e+00,8.795999999999999375e+00,6.000000000000000000e+00
8.172000000000000597e+00,9.009999999999999787e+00,6.000000000000000000e+00
8.067999999999999616e+00,9.201999999999999957e+00,6.000000000000000000e+00
8.416000000000000369e+00,8.653999999999999915e+00,6.000000000000000000e+00
8.710000000000000853e+00,8.458000000000000185e+00,6.000000000000000000e+00
8.055999999999999162e+00,8.433999999999999275e+00,6.000000000000000000e+00
7.304000000000000270e+00,9.266000000000000014e+00,6.000000000000000000e+00
8.118000000000000327e+00,8.608000000000000540e+00,6.000000000000000000e+00
7.615999999999999659e+00,9.445999999999999730e+00,6.000000000000000000e+00
8.092000000000000526e+00,8.955999999999999517e+00,6.000000000000000000e+00
8.368000000000000327e+00,8.967999999999999972e+00,6.000000000000000000e+00
8.022000000000000242e+00,9.333999999999999631e+00,6.000000000000000000e+00
8.320000000000000284e+00,9.061999999999999389e+00,6.000000000000000000e+00
7.831999999999999851e+00,8.951999999999999957e+00,6.000000000000000000e+00
7.703999999999999737e+00,8.672000000000000597e+00,6.000000000000000000e+00
8.236000000000000654e+00,9.108000000000000540e+00,6.000000000000000000e+00
8.369999999999999218e+00,8.903999999999999915e+00,6.000000000000000000e+00
8.352000000000000313e+00,8.896000000000000796e+00,6.000000000000000000e+00
8.045999999999999375e+00,9.227999999999999758e+00,6.000000000000000000e+00
7.709999999999999964e+00,9.538000000000000256e+00,6.000000000000000000e+00
8.534000000000000696e+00,8.550000000000000711e+00,6.000000000000000000e+00
7.996000000000000441e+00,9.172000000000000597e+00,6.000000000000000000e+00
8.045999999999999375e+00,9.204000000000000625e+00,6.000000000000000000e+00
8.621999999999999886e+00,9.173999999999999488e+00,6.000000000000000000e+00
7.775999999999999801e+00,8.897999999999999687e+00,6.000000000000000000e+00
8.226000000000000867e+00,9.038000000000000256e+00,6.000000000000000000e+00
7.903999999999999915e+00,9.194000000000000838e+00,6.000000000000000000e+00
7.873999999999999666e+00,8.855999999999999872e+00,6.000000000000000000e+00
7.991999999999999993e+00,8.951999999999999957e+00,6.000000000000000000e+00
8.262000000000000455e+00,9.467999999999999972e+00,6.000000000000000000e+00
8.087999999999999190e+00,9.294000000000000483e+00,6.000000000000000000e+00
8.034000000000000696e+00,9.791999999999999815e+00,6.000000000000000000e+00
8.352000000000000313e+00,9.016000000000000014e+00,6.000000000000000000e+00
7.849999999999999645e+00,9.333999999999999631e+00,6.000000000000000000e+00
8.403999999999999915e+00,9.365999999999999659e+00,6.000000000000000000e+00
7.892000000000000348e+00,8.807999999999999829e+00,6.000000000000000000e+00
8.201999999999999957e+00,9.231999999999999318e+00,6.000000000000000000e+00
7.668000000000000149e+00,9.025999999999999801e+00,6.000000000000000000e+00
8.242000000000000881e+00,9.307999999999999829e+00,6.000000000000000000e+00
9.432000000000000384e+00,8.609999999999999432e+00,7.000000000000000000e+00
1.006600000000000072e+01,8.189999999999999503e+00,7.000000000000000000e+00
9.146000000000000796e+00,8.044000000000000483e+00,7.000000000000000000e+00
9.662000000000000810e+00,7.865999999999999659e+00,7.000000000000000000e+00
9.599999999999999645e+00,7.873999999999999666e+00,7.000000000000000000e+00
8.618000000000000327e+00,8.551999999999999602e+00,7.000000000000000000e+00
9.333999999999999631e+00,7.658000000000000362e+00,7.000000000000000000e+00
9.423999999999999488e+00,7.830000000000000071e+00,7.000000000000000000e+00
8.891999999999999460e+00,8.166000000000000369e+00,7.000000000000000000e+00
9.385999999999999233e+00,7.746000000000000441e+00,7.000000000000000000e+00
9.878000000000000114e+00,8.054000000000000270e+00,7.000000000000000000e+00
9.557999999999999829e+00,7.948000000000000398e+00,7.000000000000000000e+00
9.221999999999999531e+00,8.002000000000000668e+00,7.000000000000000000e+00
9.519999999999999574e+00,8.282000000000000028e+00,7.000000000000000000e+00
9.759999999999999787e+00,7.932000000000000384e+00,7.000000000000000000e+00
9.567999999999999616e+00,8.051999999999999602e+00,7.000000000000000000e+00
9.736000000000000654e+00,7.551999999999999602e+00,7.000000000000000000e+00
9.583999999999999631e+00,8.477999999999999758e+00,7.000000000000000000e+00
9.358000000000000540e+00,8.242000000000000881e+00,7.000000000000000000e+00
9.403999999999999915e+00,7.790000000000000036e+00,7.000000000000000000e+00
9.458000000000000185e+00,8.539999999999999147e+00,7.000000000000000000e+00
9.481999999999999318e+00,7.766000000000000014e+00,7.000000000000000000e+00
8.843999999999999417e+00,8.023999999999999133e+00,7.000000000000000000e+00
9.289999999999999147e+00,8.471999999999999531e+00,7.000000000000000000e+00
9.273999999999999133e+00,7.565999999999999837e+00,7.000000000000000000e+00
9.109999999999999432e+00,8.013999999999999346e+00,7.000000000000000000e+00
9.541999999999999815e+00,7.687999999999999723e+00,7.000000000000000000e+00
9.432000000000000384e+00,8.121999999999999886e+00,7.000000000000000000e+00
9.785999999999999588e+00,8.066000000000000725e+00,7.000000000000000000e+00
9.381999999999999673e+00,7.663999999999999702e+00,7.000000000000000000e+00
9.403999999999999915e+00,8.227999999999999758e+00,7.000000000000000000e+00
9.146000000000000796e+00,8.157999999999999474e+00,7.000000000000000000e+00
9.621999999999999886e+00,8.003999999999999559e+00,7.000000000000000000e+00
1.028599999999999959e+01,7.892000000000000348e+00,7.000000000000000000e+00
9.429999999999999716e+00,7.676000000000000156e+00,7.000000000000000000e+00
9.439999999999999503e+00,8.057999999999999829e+00,7.000000000000000000e+00
9.788000000000000256e+00,7.684000000000000163e+00,7.000000000000000000e+00
9.586000000000000298e+00,7.910000000000000142e+00,7.000000000000000000e+00
9.694000000000000838e+00,7.448000000000000398e+00,7.000000000000000000e+00
9.576000000000000512e+00,7.865999999999999659e+00,7.000000000000000000e+00
1.144200000000000017e+01,8.688000000000000611e+00,8.000000000000000000e+00
1.146599999999999930e+01,8.557999999999999829e+00,8.000000000000000000e+00
1.067399999999999949e+01,8.935999999999999943e+00,8.000000000000000000e+00
1.123000000000000043e+01,8.125999999999999446e+00,8.000000000000000000e+00
1.161400000000000077e+01,8.587999999999999190e+00,8.000000000000000000e+00
1.158999999999999986e+01,8.496000000000000441e+00,8.000000000000000000e+00
1.153599999999999959e+01,7.586000000000000298e+00,8.000000000000000000e+00
1.163799999999999990e+01,8.266000000000000014e+00,8.000000000000000000e+00
1.116000000000000014e+01,8.429999999999999716e+00,8.000000000000000000e+00
1.090399999999999991e+01,8.532000000000000028e+00,8.000000000000000000e+00
1.128400000000000070e+01,8.742000000000000881e+00,8.000000000000000000e+00
1.125000000000000000e+01,8.192000000000000171e+00,8.000000000000000000e+00
1.083999999999999986e+01,8.217999999999999972e+00,8.000000000000000000e+00
1.179800000000000004e+01,8.836000000000000298e+00,8.000000000000000000e+00
1.150999999999999979e+01,8.093999999999999417e+00,8.000000000000000000e+00
1.093200000000000038e+01,7.796000000000000263e+00,8.000000000000000000e+00
1.140399999999999991e+01,8.205999999999999517e+00,8.000000000000000000e+00
1.108799999999999919e+01,8.326000000000000512e+00,8.000000000000000000e+00
1.133399999999999963e+01,8.169999999999999929e+00,8.000000000000000000e+00
1.127200000000000024e+01,8.394000000000000128e+00,8.000000000000000000e+00
1.158999999999999986e+01,8.407999999999999474e+00,8.000000000000000000e+00
1.121199999999999974e+01,8.516000000000000014e+00,8.000000000000000000e+00
1.156600000000000072e+01,8.023999999999999133e+00,8.000000000000000000e+00
1.124600000000000044e+01,8.583999999999999631e+00,8.000000000000000000e+00
1.125200000000000067e+01,8.566000000000000725e+00,8.000000000000000000e+00
1.077999999999999936e+01,8.294000000000000483e+00,8.000000000000000000e+00
1.103999999999999915e+01,8.321999999999999176e+00,8.000000000000000000e+00
1.119800000000000040e+01,7.886000000000000121e+00,8.000000000000000000e+00
1.116799999999999926e+01,8.262000000000000455e+00,8.000000000000000000e+00
1.188000000000000078e+01,8.080000000000000071e+00,8.000000000000000000e+00
1.135599999999999987e+01,8.586000000000000298e+00,8.000000000000000000e+00
1.118200000000000038e+01,8.342000000000000526e+00,8.000000000000000000e+00
1.083600000000000030e+01,8.663999999999999702e+00,8.000000000000000000e+00
1.169599999999999973e+01,8.906000000000000583e+00,8.000000000000000000e+00
1.128200000000000003e+01,8.279999999999999361e+00,8.000000000000000000e+00
1.071799999999999997e+01,8.534000000000000696e+00,8.000000000000000000e+00
1.044400000000000084e+01,8.683999999999999275e+00,8.000000000000000000e+00
1.112400000000000055e+01,8.618000000000000327e+00,8.000000000000000000e+00
1.139199999999999946e+01,8.939999999999999503e+00,8.000000000000000000e+00
1.121199999999999974e+01,8.307999999999999829e+00,8.000000000000000000e+00
1.667399999999999949e+01,9.637999999999999901e+00,9.000000000000000000e+00
1.616199999999999903e+01,1.030199999999999960e+01,9.000000000000000000e+00
1.661199999999999832e+01,1.021799999999999997e+01,9.000000000000000000e+00
1.610000000000000142e+01,9.701999999999999957e+00,9.000000000000000000e+00
1.640399999999999991e+01,1.007199999999999918e+01,9.000000000000000000e+00
1.592999999999999972e+01,1.010599999999999987e+01,9.000000000000000000e+00
1.612800000000000011e+01,9.887999999999999901e+00,9.000000000000000000e+00
1.641000000000000014e+01,1.018800000000000061e+01,9.000000000000000000e+00
1.598199999999999932e+01,9.919999999999999929e+00,9.000000000000000000e+00
1.622400000000000020e+01,1.001999999999999957e+01,9.000000000000000000e+00
1.629599999999999937e+01,9.458000000000000185e+00,9.000000000000000000e+00
1.658599999999999852e+01,1.017399999999999949e+01,9.000000000000000000e+00
1.631400000000000006e+01,1.071599999999999930e+01,9.000000000000000000e+00
1.627799999999999869e+01,9.451999999999999957e+00,9.000000000000000000e+00
1.662199999999999989e+01,9.651999999999999247e+00,9.000000000000000000e+00
1.621999999999999886e+01,9.493999999999999773e+00,9.000000000000000000e+00
1.662600000000000122e+01,1.016200000000000081e+01,9.000000000000000000e+00
1.698199999999999932e+01,1.059600000000000009e+01,9.000000000000000000e+00
1.626999999999999957e+01,1.012800000000000011e+01,9.000000000000000000e+00
1.620200000000000173e+01,9.699999999999999289e+00,9.000000000000000000e+00
1.653200000000000003e+01,9.775999999999999801e+00,9.000000000000000000e+00
1.712399999999999878e+01,9.726000000000000867e+00,9.000000000000000000e+00
1.646999999999999886e+01,9.698000000000000398e+00,9.000000000000000000e+00
1.600400000000000134e+01,1.027999999999999936e+01,9.000000000000000000e+00
1.636599999999999966e+01,9.795999999999999375e+00,9.000000000000000000e+00
1.626800000000000068e+01,9.522000000000000242e+00,9.000000000000000000e+00
1.612999999999999901e+01,9.747999999999999332e+00,9.000000000000000000e+00
1.667000000000000171e+01,1.049799999999999933e+01,9.000000000000000000e+00
1.648799999999999955e+01,1.054199999999999982e+01,9.000000000000000000e+00
1.657000000000000028e+01,1.021000000000000085e+01,9.000000000000000000e+00
1.645599999999999952e+01,1.011200000000000010e+01,9.000000000000000000e+00
1.648199999999999932e+01,9.986000000000000654e+00,9.000000000000000000e+00
1.658399999999999963e+01,9.753999999999999559e+00,9.000000000000000000e+00
1.610000000000000142e+01,9.929999999999999716e+00,9.000000000000000000e+00
1.622599999999999909e+01,9.669999999999999929e+00,9.000000000000000000e+00
1.644800000000000040e+01,9.566000000000000725e+00,9.000000000000000000e+00
1.657199999999999918e+01,9.624000000000000554e+00,9.000000000000000000e+00
1.643599999999999994e+01,9.410000000000000142e+00,9.000000000000000000e+00
1.650199999999999889e+01,9.980000000000000426e+00,9.000000000000000000e+00
1.641799999999999926e+01,9.965999999999999304e+00,9.000000000000000000e+00
1.436200000000000010e+01,1.464400000000000013e+01,1.000000000000000000e+01
1.413799999999999990e+01,1.463000000000000078e+01,1.000000000000000000e+01
1.406400000000000006e+01,1.507199999999999918e+01,1.000000000000000000e+01
1.369200000000000017e+01,1.495800000000000018e+01,1.000000000000000000e+01
1.423799999999999955e+01,1.529599999999999937e+01,1.000000000000000000e+01
1.373000000000000043e+01,1.512800000000000011e+01,1.000000000000000000e+01
1.395199999999999996e+01,1.486800000000000033e+01,1.000000000000000000e+01
1.398600000000000065e+01,1.476999999999999957e+01,1.000000000000000000e+01
1.391600000000000037e+01,1.499600000000000044e+01,1.000000000000000000e+01
1.387400000000000055e+01,1.495400000000000063e+01,1.000000000000000000e+01
1.416799999999999926e+01,1.527599999999999980e+01,1.000000000000000000e+01
1.427800000000000047e+01,1.515199999999999925e+01,1.000000000000000000e+01
1.409800000000000075e+01,1.490000000000000036e+01,1.000000000000000000e+01
1.376399999999999935e+01,1.521199999999999974e+01,1.000000000000000000e+01
1.394800000000000040e+01,1.421799999999999997e+01,1.000000000000000000e+01
1.413000000000000078e+01,1.483799999999999919e+01,1.000000000000000000e+01
1.336200000000000010e+01,1.493200000000000038e+01,1.000000000000000000e+01
1.354599999999999937e+01,1.484399999999999942e+01,1.000000000000000000e+01
1.413000000000000078e+01,1.510999999999999943e+01,1.000000000000000000e+01
1.381600000000000072e+01,1.460200000000000031e+01,1.000000000000000000e+01
1.438599999999999923e+01,1.468599999999999994e+01,1.000000000000000000e+01
1.378599999999999959e+01,1.472600000000000087e+01,1.000000000000000000e+01
1.420400000000000063e+01,1.482199999999999918e+01,1.000000000000000000e+01
1.385599999999999987e+01,1.520599999999999952e+01,1.000000000000000000e+01
1.407399999999999984e+01,1.438400000000000034e+01,1.000000000000000000e+01
1.367999999999999972e+01,1.498799999999999955e+01,1.000000000000000000e+01
1.420400000000000063e+01,1.497600000000000087e+01,1.000000000000000000e+01
1.338799999999999990e+01,1.539000000000000057e+01,1.000000000000000000e+01
1.370800000000000018e+01,1.504800000000000004e+01,1.000000000000000000e+01
1.411400000000000077e+01,1.536599999999999966e+01,1.000000000000000000e+01
1.440000000000000036e+01,1.503999999999999915e+01,1.000000000000000000e+01
1.419400000000000084e+01,1.503999999999999915e+01,1.000000000000000000e+01
1.388799999999999990e+01,1.543599999999999994e+01,1.000000000000000000e+01
1.395800000000000018e+01,1.532199999999999918e+01,1.000000000000000000e+01
1.392200000000000060e+01,1.480199999999999960e+01,1.000000000000000000e+01
1.365199999999999925e+01,1.460200000000000031e+01,1.000000000000000000e+01
1.429400000000000048e+01,1.499600000000000044e+01,1.000000000000000000e+01
1.381000000000000050e+01,1.452599999999999980e+01,1.000000000000000000e+01
1.340799999999999947e+01,1.533999999999999986e+01,1.000000000000000000e+01
1.383399999999999963e+01,1.477800000000000047e+01,1.000000000000000000e+01
8.826000000000000512e+00,1.647400000000000020e+01,1.100000000000000000e+01
8.330000000000000071e+00,1.648799999999999955e+01,1.100000000000000000e+01
8.467999999999999972e+00,1.637800000000000011e+01,1.100000000000000000e+01
8.903999999999999915e+00,1.584600000000000009e+01,1.100000000000000000e+01
8.662000000000000810e+00,1.635399999999999920e+01,1.100000000000000000e+01
8.683999999999999275e+00,1.677599999999999980e+01,1.100000000000000000e+01
8.330000000000000071e+00,1.606599999999999895e+01,1.100000000000000000e+01
8.903999999999999915e+00,1.640200000000000102e+01,1.100000000000000000e+01
8.778000000000000469e+00,1.648600000000000065e+01,1.100000000000000000e+01
8.810000000000000497e+00,1.645799999999999841e+01,1.100000000000000000e+01
8.397999999999999687e+00,1.657600000000000051e+01,1.100000000000000000e+01
8.541999999999999815e+00,1.591799999999999926e+01,1.100000000000000000e+01
9.064000000000000057e+00,1.645599999999999952e+01,1.100000000000000000e+01
9.151999999999999247e+00,1.609400000000000119e+01,1.100000000000000000e+01
8.614000000000000767e+00,1.590799999999999947e+01,1.100000000000000000e+01
8.566000000000000725e+00,1.701200000000000045e+01,1.100000000000000000e+01
8.119999999999999218e+00,1.610999999999999943e+01,1.100000000000000000e+01
8.843999999999999417e+00,1.602599999999999980e+01,1.100000000000000000e+01
8.397999999999999687e+00,1.628200000000000003e+01,1.100000000000000000e+01
8.807999999999999829e+00,1.558999999999999986e+01,1.100000000000000000e+01
8.502000000000000668e+00,1.616600000000000037e+01,1.100000000000000000e+01
8.942000000000000171e+00,1.619000000000000128e+01,1.100000000000000000e+01
8.375999999999999446e+00,1.611199999999999832e+01,1.100000000000000000e+01
8.518000000000000682e+00,1.583999999999999986e+01,1.100000000000000000e+01
8.878000000000000114e+00,1.600400000000000134e+01,1.100000000000000000e+01
8.582000000000000739e+00,1.677400000000000091e+01,1.100000000000000000e+01
8.247999999999999332e+00,1.615399999999999991e+01,1.100000000000000000e+01
8.587999999999999190e+00,1.623999999999999844e+01,1.100000000000000000e+01
8.705999999999999517e+00,1.637399999999999878e+01,1.100000000000000000e+01
8.523999999999999133e+00,1.639199999999999946e+01,1.100000000000000000e+01
8.458000000000000185e+00,1.645200000000000173e+01,1.100000000000000000e+01
8.830000000000000071e+00,1.635999999999999943e+01,1.100000000000000000e+01
8.615999999999999659e+00,1.611199999999999832e+01,1.100000000000000000e+01
8.843999999999999417e+00,1.636199999999999832e+01,1.100000000000000000e+01
8.467999999999999972e+00,1.592800000000000082e+01,1.100000000000000000e+01
8.619999999999999218e+00,1.667399999999999949e+01,1.100000000000000000e+01
8.974000000000000199e+00,1.653000000000000114e+01,1.100000000000000000e+01
8.826000000000000512e+00,1.608399999999999963e+01,1.100000000000000000e+01
8.103999999999999204e+00,1.596199999999999974e+01,1.100000000000000000e+01
8.385999999999999233e+00,1.623999999999999844e+01,1.100000000000000000e+01
4.575999999999999623e+00,1.287800000000000011e+01,1.200000000000000000e+01
4.459999999999999964e+00,1.316000000000000014e+01,1.200000000000000000e+01
3.632000000000000117e+00,1.286200000000000010e+01,1.200000000000000000e+01
4.238000000000000433e+00,1.250600000000000023e+01,1.200000000000000000e+01
4.347999999999999865e+00,1.326800000000000068e+01,1.200000000000000000e+01
3.787999999999999812e+00,1.237199999999999989e+01,1.200000000000000000e+01
4.190000000000000391e+00,1.277200000000000024e+01,1.200000000000000000e+01
3.859999999999999876e+00,1.270599999999999952e+01,1.200000000000000000e+01
3.978000000000000203e+00,1.330799999999999983e+01,1.200000000000000000e+01
4.336000000000000298e+00,1.285399999999999920e+01,1.200000000000000000e+01
4.217999999999999972e+00,1.302999999999999936e+01,1.200000000000000000e+01
4.250000000000000000e+00,1.300200000000000067e+01,1.200000000000000000e+01
4.333999999999999631e+00,1.306000000000000050e+01,1.200000000000000000e+01
4.653999999999999915e+00,1.256600000000000072e+01,1.200000000000000000e+01
4.379999999999999893e+00,1.279199999999999982e+01,1.200000000000000000e+01
3.967999999999999972e+00,1.301600000000000001e+01,1.200000000000000000e+01
4.613999999999999879e+00,1.252599999999999980e+01,1.200000000000000000e+01
3.950000000000000178e+00,1.266999999999999993e+01,1.200000000000000000e+01
4.038000000000000256e+00,1.266999999999999993e+01,1.200000000000000000e+01
4.426000000000000156e+00,1.223799999999999955e+01,1.200000000000000000e+01
4.065999999999999837e+00,1.251399999999999935e+01,1.200000000000000000e+01
4.248000000000000220e+00,1.239199999999999946e+01,1.200000000000000000e+01
4.610000000000000320e+00,1.294999999999999929e+01,1.200000000000000000e+01
4.328000000000000291e+00,1.299000000000000021e+01,1.200000000000000000e+01
4.500000000000000000e+00,1.252200000000000024e+01,1.200000000000000000e+01
4.176000000000000156e+00,1.271000000000000085e+01,1.200000000000000000e+01
4.491999999999999993e+00,1.246400000000000041e+01,1.200000000000000000e+01
4.134000000000000341e+00,1.283399999999999963e+01,1.200000000000000000e+01
4.315999999999999837e+00,1.276399999999999935e+01,1.200000000000000000e+01
4.453999999999999737e+00,1.208399999999999963e+01,1.200000000000000000e+01
4.051999999999999602e+00,1.293399999999999928e+01,1.200000000000000000e+01
4.259999999999999787e+00,1.311800000000000033e+01,1.200000000000000000e+01
4.057999999999999829e+00,1.371799999999999997e+01,1.200000000000000000e+01
4.240000000000000213e+00,1.262599999999999945e+01,1.200000000000000000e+01
3.838000000000000078e+00,1.223199999999999932e+01,1.200000000000000000e+01
4.128000000000000114e+00,1.340000000000000036e+01,1.200000000000000000e+01
3.763999999999999790e+00,1.238000000000000078e+01,1.200000000000000000e+01
4.424000000000000377e+00,1.318599999999999994e+01,1.200000000000000000e+01
4.233999999999999986e+00,1.299399999999999977e+01,1.200000000000000000e+01
5.129999999999999893e+00,1.329599999999999937e+01,1.200000000000000000e+01
3.899999999999999911e+00,6.741999999999999993e+00,1.300000000000000000e+01
3.994000000000000217e+00,7.206000000000000405e+00,1.300000000000000000e+01
4.277999999999999581e+00,7.222000000000000419e+00,1.300000000000000000e+01
4.171999999999999709e+00,6.847999999999999865e+00,1.300000000000000000e+01
3.882000000000000117e+00,6.894000000000000128e+00,1.300000000000000000e+01
3.935999999999999943e+00,6.993999999999999773e+00,1.300000000000000000e+01
4.161999999999999922e+00,6.870000000000000107e+00,1.300000000000000000e+01
3.762000000000000011e+00,7.099999999999999645e+00,1.300000000000000000e+01
4.256000000000000227e+00,7.612000000000000099e+00,1.300000000000000000e+01
4.549999999999999822e+00,6.822000000000000064e+00,1.300000000000000000e+01
4.062000000000000277e+00,6.983999999999999986e+00,1.300000000000000000e+01
4.025999999999999801e+00,7.230000000000000426e+00,1.300000000000000000e+01
4.363999999999999879e+00,7.184000000000000163e+00,1.300000000000000000e+01
4.291999999999999815e+00,7.208000000000000185e+00,1.300000000000000000e+01
4.288000000000000256e+00,6.910000000000000142e+00,1.300000000000000000e+01
4.017999999999999794e+00,7.062000000000000277e+00,1.300000000000000000e+01
4.070000000000000284e+00,7.104000000000000092e+00,1.300000000000000000e+01
4.548000000000000043e+00,7.653999999999999915e+00,1.300000000000000000e+01
4.402000000000000135e+00,7.081999999999999851e+00,1.300000000000000000e+01
3.692000000000000171e+00,7.490000000000000213e+00,1.300000000000000000e+01
4.887999999999999901e+00,7.193999999999999950e+00,1.300000000000000000e+01
4.456000000000000405e+00,7.145999999999999908e+00,1.300000000000000000e+01
4.732000000000000206e+00,7.153999999999999915e+00,1.300000000000000000e+01
4.088000000000000078e+00,7.211999999999999744e+00,1.300000000000000000e+01
4.501999999999999780e+00,6.927999999999999936e+00,1.300000000000000000e+01
3.402000000000000135e+00,7.434000000000000163e+00,1.300000000000000000e+01
4.246000000000000441e+00,6.692000000000000171e+00,1.300000000000000000e+01
4.166000000000000369e+00,7.256000000000000227e+00,1.300000000000000000e+01
4.852000000000000313e+00,6.830000000000000071e+00,1.300000000000000000e+01
4.397999999999999687e+00,7.427999999999999936e+00,1.300000000000000000e+01
5.016000000000000014e+00,7.054000000000000270e+00,1.300000000000000000e+01
4.250000000000000000e+00,6.759999999999999787e+00,1.300000000000000000e+01
3.737999999999999989e+00,7.081999999999999851e+00,1.300000000000000000e+01
4.253999999999999559e+00,7.264000000000000234e+00,1.300000000000000000e+01
4.121999999999999886e+00,7.238000000000000433e+00,1.300000000000000000e+01
3.878000000000000114e+00,7.232000000000000206e+00,1.300000000000000000e+01
4.549999999999999822e+00,7.290000000000000036e+00,1.300000000000000000e+01
4.030000000000000249e+00,7.126000000000000334e+00,1.300000000000000000e+01
4.411999999999999922e+00,7.022000000000000242e+00,1.300000000000000000e+01
4.275999999999999801e+00,7.243999999999999773e+00,1.300000000000000000e+01
8.375999999999999446e+00,3.787999999999999812e+00,1.400000000000000000e+01
8.810000000000000497e+00,3.863999999999999879e+00,1.400000000000000000e+01
8.217999999999999972e+00,3.548000000000000043e+00,1.400000000000000000e+01
8.374000000000000554e+00,3.748000000000000220e+00,1.400000000000000000e+01
8.102000000000000313e+00,4.299999999999999822e+00,1.400000000000000000e+01
8.385999999999999233e+00,3.951999999999999957e+00,1.400000000000000000e+01
8.858000000000000540e+00,3.274000000000000021e+00,1.400000000000000000e+01
8.884000000000000341e+00,3.504000000000000004e+00,1.400000000000000000e+01
8.294000000000000483e+00,3.379999999999999893e+00,1.400000000000000000e+01
8.380000000000000782e+00,3.177999999999999936e+00,1.400000000000000000e+01
8.737999999999999545e+00,4.293999999999999595e+00,1.400000000000000000e+01
9.099999999999999645e+00,3.839999999999999858e+00,1.400000000000000000e+01
9.086000000000000298e+00,3.600000000000000089e+00,1.400000000000000000e+01
8.615999999999999659e+00,3.450000000000000178e+00,1.400000000000000000e+01
8.624000000000000554e+00,3.697999999999999954e+00,1.400000000000000000e+01
8.631999999999999673e+00,3.819999999999999840e+00,1.400000000000000000e+01
8.285999999999999588e+00,3.704000000000000181e+00,1.400000000000000000e+01
8.816000000000000725e+00,3.580000000000000071e+00,1.400000000000000000e+01
8.721999999999999531e+00,3.854000000000000092e+00,1.400000000000000000e+01
8.298000000000000043e+00,3.378000000000000114e+00,1.400000000000000000e+01
9.013999999999999346e+00,4.033999999999999808e+00,1.400000000000000000e+01
8.869999999999999218e+00,3.553999999999999826e+00,1.400000000000000000e+01
8.561999999999999389e+00,3.661999999999999922e+00,1.400000000000000000e+01
8.599999999999999645e+00,3.827999999999999847e+00,1.400000000000000000e+01
8.939999999999999503e+00,3.835999999999999854e+00,1.400000000000000000e+01
8.768000000000000682e+00,4.320000000000000284e+00,1.400000000000000000e+01
8.837999999999999190e+00,3.926000000000000156e+00,1.400000000000000000e+01
8.288000000000000256e+00,3.466000000000000192e+00,1.400000000000000000e+01
8.651999999999999247e+00,3.782000000000000028e+00,1.400000000000000000e+01
8.375999999999999446e+00,3.955999999999999961e+00,1.400000000000000000e+01
7.724000000000000199e+00,3.414000000000000146e+00,1.400000000000000000e+01
8.374000000000000554e+00,4.136000000000000121e+00,1.400000000000000000e+01
8.599999999999999645e+00,3.712000000000000188e+00,1.400000000000000000e+01
9.025999999999999801e+00,3.787999999999999812e+00,1.400000000000000000e+01
8.534000000000000696e+00,3.251999999999999780e+00,1.400000000000000000e+01
8.874000000000000554e+00,3.601999999999999869e+00,1.400000000000000000e+01
8.795999999999999375e+00,3.887999999999999901e+00,1.400000000000000000e+01
8.592000000000000526e+00,3.987999999999999989e+00,1.400000000000000000e+01
8.980000000000000426e+00,4.014000000000000234e+00,1.400000000000000000e+01
8.561999999999999389e+00,3.855999999999999872e+00,1.400000000000000000e+01
1.389400000000000013e+01,4.160000000000000142e+00,1.500000000000000000e+01
1.427800000000000047e+01,5.259999999999999787e+00,1.500000000000000000e+01
1.436400000000000077e+01,4.748000000000000220e+00,1.500000000000000000e+01
1.410800000000000054e+01,4.918000000000000149e+00,1.500000000000000000e+01
1.399799999999999933e+01,5.498000000000000220e+00,1.500000000000000000e+01
1.440000000000000036e+01,5.296000000000000263e+00,1.500000000000000000e+01
1.430000000000000071e+01,5.368000000000000327e+00,1.500000000000000000e+01
1.395800000000000018e+01,5.349999999999999645e+00,1.500000000000000000e+01
1.384200000000000053e+01,4.983999999999999986e+00,1.500000000000000000e+01
1.384999999999999964e+01,4.246000000000000441e+00,1.500000000000000000e+01
1.397799999999999976e+01,5.355999999999999872e+00,1.500000000000000000e+01
1.436599999999999966e+01,5.104000000000000092e+00,1.500000000000000000e+01
1.427200000000000024e+01,4.940000000000000391e+00,1.500000000000000000e+01
1.433600000000000030e+01,5.176000000000000156e+00,1.500000000000000000e+01
1.474399999999999977e+01,5.248000000000000220e+00,1.500000000000000000e+01
1.430599999999999916e+01,5.059999999999999609e+00,1.500000000000000000e+01
1.398600000000000065e+01,5.049999999999999822e+00,1.500000000000000000e+01
1.443999999999999950e+01,5.330000000000000071e+00,1.500000000000000000e+01
1.400399999999999956e+01,4.919999999999999929e+00,1.500000000000000000e+01
1.333200000000000074e+01,4.591999999999999638e+00,1.500000000000000000e+01
1.421799999999999997e+01,5.543999999999999595e+00,1.500000000000000000e+01
1.415399999999999991e+01,4.767999999999999794e+00,1.500000000000000000e+01
1.346799999999999997e+01,4.919999999999999929e+00,1.500000000000000000e+01
1.366999999999999993e+01,5.405999999999999694e+00,1.500000000000000000e+01
1.366399999999999970e+01,5.016000000000000014e+00,1.500000000000000000e+01
1.411999999999999922e+01,4.870000000000000107e+00,1.500000000000000000e+01
1.383600000000000030e+01,4.509999999999999787e+00,1.500000000000000000e+01
1.420400000000000063e+01,5.064000000000000057e+00,1.500000000000000000e+01
1.400399999999999956e+01,5.227999999999999758e+00,1.500000000000000000e+01
1.326600000000000001e+01,4.857999999999999652e+00,1.500000000000000000e+01
1.366799999999999926e+01,5.339999999999999858e+00,1.500000000000000000e+01
1.452800000000000047e+01,4.812000000000000277e+00,1.500000000000000000e+01
1.431799999999999962e+01,4.591999999999999638e+00,1.500000000000000000e+01
1.401800000000000068e+01,5.182000000000000384e+00,1.500000000000000000e+01
1.436999999999999922e+01,4.884000000000000341e+00,1.500000000000000000e+01
1.419800000000000040e+01,4.804000000000000270e+00,1.500000000000000000e+01
1.432000000000000028e+01,4.589999999999999858e+00,1.500000000000000000e+01
1.363599999999999923e+01,5.217999999999999972e+00,1.500000000000000000e+01
1.441000000000000014e+01,4.655999999999999694e+00,1.500000000000000000e+01
1.401999999999999957e+01,5.613999999999999879e+00,1.500000000000000000e+01
